0 8.06904e+11 -8.07019e+11
-8.07019e+11 1.61431e+12 -8.07288e+11
-8.07288e+11 1.61485e+12 -8.07558e+11
-8.07558e+11 1.61538e+12 -8.07827e+11
-8.07827e+11 1.61592e+12 -8.08096e+11
-8.08096e+11 1.61646e+12 -8.08365e+11
-8.08365e+11 1.617e+12 -8.08635e+11
-8.08635e+11 1.61754e+12 -8.08904e+11
-8.08904e+11 1.61808e+12 -8.09173e+11
-8.09173e+11 1.61862e+12 -8.09442e+11
-8.09442e+11 1.61915e+12 -8.09712e+11
-8.09712e+11 1.61969e+12 -8.09981e+11
-8.09981e+11 1.62023e+12 -8.1025e+11
-8.1025e+11 1.62077e+12 -8.10519e+11
-8.10519e+11 1.62131e+12 -8.10788e+11
-8.10788e+11 1.62185e+12 -8.11058e+11
-8.11058e+11 1.62238e+12 -8.11327e+11
-8.11327e+11 1.62292e+12 -8.11596e+11
-8.11596e+11 1.62346e+12 -8.11865e+11
-8.11865e+11 1.624e+12 -8.12135e+11
-8.12135e+11 1.62454e+12 -8.12404e+11
-8.12404e+11 1.62508e+12 -8.12673e+11
-8.12673e+11 1.62562e+12 -8.12942e+11
-8.12942e+11 1.62615e+12 -8.13212e+11
-8.13212e+11 1.62669e+12 -8.13481e+11
-8.13481e+11 1.62723e+12 -8.1375e+11
-8.1375e+11 1.62777e+12 -8.14019e+11
-8.14019e+11 1.62831e+12 -8.14288e+11
-8.14288e+11 1.62885e+12 -8.14558e+11
-8.14558e+11 1.62938e+12 -8.14827e+11
-8.14827e+11 1.62992e+12 -8.15096e+11
-8.15096e+11 1.63046e+12 -8.15365e+11
-8.15365e+11 1.631e+12 -8.15635e+11
-8.15635e+11 1.63154e+12 -8.15904e+11
-8.15904e+11 1.63208e+12 -8.16173e+11
-8.16173e+11 1.63262e+12 -8.16442e+11
-8.16442e+11 1.63315e+12 -8.16712e+11
-8.16712e+11 1.63369e+12 -8.16981e+11
-8.16981e+11 1.63423e+12 -8.1725e+11
-8.1725e+11 1.63477e+12 -8.17519e+11
-8.17519e+11 1.63531e+12 -8.17788e+11
-8.17788e+11 1.63585e+12 -8.18058e+11
-8.18058e+11 1.63638e+12 -8.18327e+11
-8.18327e+11 1.63692e+12 -8.18596e+11
-8.18596e+11 1.63746e+12 -8.18865e+11
-8.18865e+11 1.638e+12 -8.19135e+11
-8.19135e+11 1.63854e+12 -8.19404e+11
-8.19404e+11 1.63908e+12 -8.19673e+11
-8.19673e+11 1.63962e+12 -8.19942e+11
-8.19942e+11 1.64015e+12 -8.20212e+11
-8.20212e+11 1.64069e+12 -8.20481e+11
-8.20481e+11 1.64123e+12 -8.2075e+11
-8.2075e+11 1.64177e+12 -8.21019e+11
-8.21019e+11 1.64231e+12 -8.21288e+11
-8.21288e+11 1.64285e+12 -8.21558e+11
-8.21558e+11 1.64338e+12 -8.21827e+11
-8.21827e+11 1.64392e+12 -8.22096e+11
-8.22096e+11 1.64446e+12 -8.22365e+11
-8.22365e+11 1.645e+12 -8.22635e+11
-8.22635e+11 1.64554e+12 -8.22904e+11
-8.22904e+11 1.64608e+12 -8.23173e+11
-8.23173e+11 1.64662e+12 -8.23442e+11
-8.23442e+11 1.64715e+12 -8.23712e+11
-8.23712e+11 1.64769e+12 -8.23981e+11
-8.23981e+11 1.64823e+12 -8.2425e+11
-8.2425e+11 1.64877e+12 -8.24519e+11
-8.24519e+11 1.64931e+12 -8.24788e+11
-8.24788e+11 1.64985e+12 -8.25058e+11
-8.25058e+11 1.65038e+12 -8.25327e+11
-8.25327e+11 1.65092e+12 -8.25596e+11
-8.25596e+11 1.65146e+12 -8.25865e+11
-8.25865e+11 1.652e+12 -8.26135e+11
-8.26135e+11 1.65254e+12 -8.26404e+11
-8.26404e+11 1.65308e+12 -8.26673e+11
-8.26673e+11 1.65362e+12 -8.26942e+11
-8.26942e+11 1.65415e+12 -8.27212e+11
-8.27212e+11 1.65469e+12 -8.27481e+11
-8.27481e+11 1.65523e+12 -8.2775e+11
-8.2775e+11 1.65577e+12 -8.28019e+11
-8.28019e+11 1.65631e+12 -8.28288e+11
-8.28288e+11 1.65685e+12 -8.28558e+11
-8.28558e+11 1.65738e+12 -8.28827e+11
-8.28827e+11 1.65792e+12 -8.29096e+11
-8.29096e+11 1.65846e+12 -8.29365e+11
-8.29365e+11 1.659e+12 -8.29635e+11
-8.29635e+11 1.65954e+12 -8.29904e+11
-8.29904e+11 1.66008e+12 -8.30173e+11
-8.30173e+11 1.66062e+12 -8.30442e+11
-8.30442e+11 1.66115e+12 -8.30712e+11
-8.30712e+11 1.66169e+12 -8.30981e+11
-8.30981e+11 1.66223e+12 -8.3125e+11
-8.3125e+11 1.66277e+12 -8.31519e+11
-8.31519e+11 1.66331e+12 -8.31788e+11
-8.31788e+11 1.66385e+12 -8.32058e+11
-8.32058e+11 1.66438e+12 -8.32327e+11
-8.32327e+11 1.66492e+12 -8.32596e+11
-8.32596e+11 1.66546e+12 -8.32865e+11
-8.32865e+11 1.666e+12 -8.33135e+11
-8.33135e+11 1.66654e+12 -8.33404e+11
-8.33404e+11 1.66708e+12 -8.33673e+11
-8.33673e+11 1.66762e+12 -8.33942e+11
-8.33942e+11 1.66815e+12 -8.34212e+11
-8.34212e+11 1.66869e+12 -8.34481e+11
-8.34481e+11 1.66923e+12 -8.3475e+11
-8.3475e+11 1.66977e+12 -8.35019e+11
-8.35019e+11 1.67031e+12 -8.35288e+11
-8.35288e+11 1.67085e+12 -8.35558e+11
-8.35558e+11 1.67138e+12 -8.35827e+11
-8.35827e+11 1.67192e+12 -8.36096e+11
-8.36096e+11 1.67246e+12 -8.36365e+11
-8.36365e+11 1.673e+12 -8.36635e+11
-8.36635e+11 1.67354e+12 -8.36904e+11
-8.36904e+11 1.67408e+12 -8.37173e+11
-8.37173e+11 1.67462e+12 -8.37442e+11
-8.37442e+11 1.67515e+12 -8.37712e+11
-8.37712e+11 1.67569e+12 -8.37981e+11
-8.37981e+11 1.67623e+12 -8.3825e+11
-8.3825e+11 1.67677e+12 -8.38519e+11
-8.38519e+11 1.67731e+12 -8.38788e+11
-8.38788e+11 1.67785e+12 -8.39058e+11
-8.39058e+11 1.67838e+12 -8.39327e+11
-8.39327e+11 1.67892e+12 -8.39596e+11
-8.39596e+11 1.67946e+12 -8.39865e+11
-8.39865e+11 1.68e+12 -8.40135e+11
-8.40135e+11 1.68054e+12 -8.40404e+11
-8.40404e+11 1.68108e+12 -8.40673e+11
-8.40673e+11 1.68162e+12 -8.40942e+11
-8.40942e+11 1.68215e+12 -8.41212e+11
-8.41212e+11 1.68269e+12 -8.41481e+11
-8.41481e+11 1.68323e+12 -8.4175e+11
-8.4175e+11 1.68377e+12 -8.42019e+11
-8.42019e+11 1.68431e+12 -8.42288e+11
-8.42288e+11 1.68485e+12 -8.42558e+11
-8.42558e+11 1.68538e+12 -8.42827e+11
-8.42827e+11 1.68592e+12 -8.43096e+11
-8.43096e+11 1.68646e+12 -8.43365e+11
-8.43365e+11 1.687e+12 -8.43635e+11
-8.43635e+11 1.68754e+12 -8.43904e+11
-8.43904e+11 1.68808e+12 -8.44173e+11
-8.44173e+11 1.68862e+12 -8.44442e+11
-8.44442e+11 1.68915e+12 -8.44712e+11
-8.44712e+11 1.68969e+12 -8.44981e+11
-8.44981e+11 1.69023e+12 -8.4525e+11
-8.4525e+11 1.69077e+12 -8.45519e+11
-8.45519e+11 1.69131e+12 -8.45788e+11
-8.45788e+11 1.69185e+12 -8.46058e+11
-8.46058e+11 1.69238e+12 -8.46327e+11
-8.46327e+11 1.69292e+12 -8.46596e+11
-8.46596e+11 1.69346e+12 -8.46865e+11
-8.46865e+11 1.694e+12 -8.47135e+11
-8.47135e+11 1.69454e+12 -8.47404e+11
-8.47404e+11 1.69508e+12 -8.47673e+11
-8.47673e+11 1.69562e+12 -8.47942e+11
-8.47942e+11 1.69615e+12 -8.48212e+11
-8.48212e+11 1.69669e+12 -8.48481e+11
-8.48481e+11 1.69723e+12 -8.4875e+11
-8.4875e+11 1.69777e+12 -8.49019e+11
-8.49019e+11 1.69831e+12 -8.49288e+11
-8.49288e+11 1.69885e+12 -8.49558e+11
-8.49558e+11 1.69938e+12 -8.49827e+11
-8.49827e+11 1.69992e+12 -8.50096e+11
-8.50096e+11 1.70046e+12 -8.50365e+11
-8.50365e+11 1.701e+12 -8.50635e+11
-8.50635e+11 1.70154e+12 -8.50904e+11
-8.50904e+11 1.70208e+12 -8.51173e+11
-8.51173e+11 1.70262e+12 -8.51442e+11
-8.51442e+11 1.70315e+12 -8.51712e+11
-8.51712e+11 1.70369e+12 -8.51981e+11
-8.51981e+11 1.70423e+12 -8.5225e+11
-8.5225e+11 1.70477e+12 -8.52519e+11
-8.52519e+11 1.70531e+12 -8.52788e+11
-8.52788e+11 1.70585e+12 -8.53058e+11
-8.53058e+11 1.70638e+12 -8.53327e+11
-8.53327e+11 1.70692e+12 -8.53596e+11
-8.53596e+11 1.70746e+12 -8.53865e+11
-8.53865e+11 1.708e+12 -8.54135e+11
-8.54135e+11 1.70854e+12 -8.54404e+11
-8.54404e+11 1.70908e+12 -8.54673e+11
-8.54673e+11 1.70962e+12 -8.54942e+11
-8.54942e+11 1.71015e+12 -8.55212e+11
-8.55212e+11 1.71069e+12 -8.55481e+11
-8.55481e+11 1.71123e+12 -8.5575e+11
-8.5575e+11 1.71177e+12 -8.56019e+11
-8.56019e+11 1.71231e+12 -8.56288e+11
-8.56288e+11 1.71285e+12 -8.56558e+11
-8.56558e+11 1.71338e+12 -8.56827e+11
-8.56827e+11 1.71392e+12 -8.57096e+11
-8.57096e+11 1.71446e+12 -8.57365e+11
-8.57365e+11 1.715e+12 -8.57635e+11
-8.57635e+11 1.71554e+12 -8.57904e+11
-8.57904e+11 1.71608e+12 -8.58173e+11
-8.58173e+11 1.71662e+12 -8.58442e+11
-8.58442e+11 1.71715e+12 -8.58712e+11
-8.58712e+11 1.71769e+12 -8.58981e+11
-8.58981e+11 1.71823e+12 -8.5925e+11
-8.5925e+11 1.71877e+12 -8.59519e+11
-8.59519e+11 1.71931e+12 -8.59788e+11
-8.59788e+11 1.71985e+12 -8.60058e+11
-8.60058e+11 1.72038e+12 -8.60327e+11
-8.60327e+11 1.72092e+12 -8.60596e+11
-8.60596e+11 1.72146e+12 -8.60865e+11
-8.60865e+11 1.722e+12 -8.61135e+11
-8.61135e+11 1.72254e+12 -8.61404e+11
-8.61404e+11 1.72308e+12 -8.61673e+11
-8.61673e+11 1.72362e+12 -8.61942e+11
-8.61942e+11 1.72415e+12 -8.62212e+11
-8.62212e+11 1.72469e+12 -8.62481e+11
-8.62481e+11 1.72523e+12 -8.6275e+11
-8.6275e+11 1.72577e+12 -8.63019e+11
-8.63019e+11 1.72631e+12 -8.63288e+11
-8.63288e+11 1.72685e+12 -8.63558e+11
-8.63558e+11 1.72738e+12 -8.63827e+11
-8.63827e+11 1.72792e+12 -8.64096e+11
-8.64096e+11 1.72846e+12 -8.64365e+11
-8.64365e+11 1.729e+12 -8.64635e+11
-8.64635e+11 1.72954e+12 -8.64904e+11
-8.64904e+11 1.73008e+12 -8.65173e+11
-8.65173e+11 1.73062e+12 -8.65442e+11
-8.65442e+11 1.73115e+12 -8.65712e+11
-8.65712e+11 1.73169e+12 -8.65981e+11
-8.65981e+11 1.73223e+12 -8.6625e+11
-8.6625e+11 1.73277e+12 -8.66519e+11
-8.66519e+11 1.73331e+12 -8.66788e+11
-8.66788e+11 1.73385e+12 -8.67058e+11
-8.67058e+11 1.73438e+12 -8.67327e+11
-8.67327e+11 1.73492e+12 -8.67596e+11
-8.67596e+11 1.73546e+12 -8.67865e+11
-8.67865e+11 1.736e+12 -8.68135e+11
-8.68135e+11 1.73654e+12 -8.68404e+11
-8.68404e+11 1.73708e+12 -8.68673e+11
-8.68673e+11 1.73762e+12 -8.68942e+11
-8.68942e+11 1.73815e+12 -8.69212e+11
-8.69212e+11 1.73869e+12 -8.69481e+11
-8.69481e+11 1.73923e+12 -8.6975e+11
-8.6975e+11 1.73977e+12 -8.70019e+11
-8.70019e+11 1.74031e+12 -8.70288e+11
-8.70288e+11 1.74085e+12 -8.70558e+11
-8.70558e+11 1.74138e+12 -8.70827e+11
-8.70827e+11 1.74192e+12 -8.71096e+11
-8.71096e+11 1.74246e+12 -8.71365e+11
-8.71365e+11 1.743e+12 -8.71635e+11
-8.71635e+11 1.74354e+12 -8.71904e+11
-8.71904e+11 1.74408e+12 -8.72173e+11
-8.72173e+11 1.74462e+12 -8.72442e+11
-8.72442e+11 1.74515e+12 -8.72712e+11
-8.72712e+11 1.74569e+12 -8.72981e+11
-8.72981e+11 1.74623e+12 -8.7325e+11
-8.7325e+11 1.74677e+12 -8.73519e+11
-8.73519e+11 1.74731e+12 -8.73788e+11
-8.73788e+11 1.74785e+12 -8.74058e+11
-8.74058e+11 1.74838e+12 -8.74327e+11
-8.74327e+11 1.74892e+12 -8.74596e+11
-8.74596e+11 1.74946e+12 -8.74865e+11
-8.74865e+11 1.75e+12 -8.75135e+11
-8.75135e+11 1.75054e+12 -8.75404e+11
-8.75404e+11 1.75108e+12 -8.75673e+11
-8.75673e+11 1.75162e+12 -8.75942e+11
-8.75942e+11 1.75215e+12 -8.76212e+11
-8.76212e+11 1.75269e+12 -8.76481e+11
-8.76481e+11 1.75323e+12 -8.7675e+11
-8.7675e+11 1.75377e+12 -8.77019e+11
-8.77019e+11 1.75431e+12 -8.77288e+11
-8.77288e+11 1.75485e+12 -8.77558e+11
-8.77558e+11 1.75538e+12 -8.77827e+11
-8.77827e+11 1.75592e+12 -8.78096e+11
-8.78096e+11 1.75646e+12 -8.78365e+11
-8.78365e+11 1.757e+12 -8.78635e+11
-8.78635e+11 1.75754e+12 -8.78904e+11
-8.78904e+11 1.75808e+12 -8.79173e+11
-8.79173e+11 1.75862e+12 -8.79442e+11
-8.79442e+11 1.75915e+12 -8.79712e+11
-8.79712e+11 1.75969e+12 -8.79981e+11
-8.79981e+11 1.76023e+12 -8.8025e+11
-8.8025e+11 1.76077e+12 -8.80519e+11
-8.80519e+11 1.76131e+12 -8.80788e+11
-8.80788e+11 1.76185e+12 -8.81058e+11
-8.81058e+11 1.76238e+12 -8.81327e+11
-8.81327e+11 1.76292e+12 -8.81596e+11
-8.81596e+11 1.76346e+12 -8.81865e+11
-8.81865e+11 1.764e+12 -8.82135e+11
-8.82135e+11 1.76454e+12 -8.82404e+11
-8.82404e+11 1.76508e+12 -8.82673e+11
-8.82673e+11 1.76562e+12 -8.82942e+11
-8.82942e+11 1.76615e+12 -8.83212e+11
-8.83212e+11 1.76669e+12 -8.83481e+11
-8.83481e+11 1.76723e+12 -8.8375e+11
-8.8375e+11 1.76777e+12 -8.84019e+11
-8.84019e+11 1.76831e+12 -8.84288e+11
-8.84288e+11 1.76885e+12 -8.84558e+11
-8.84558e+11 1.76938e+12 -8.84827e+11
-8.84827e+11 1.76992e+12 -8.85096e+11
-8.85096e+11 1.77046e+12 -8.85365e+11
-8.85365e+11 1.771e+12 -8.85635e+11
-8.85635e+11 1.77154e+12 -8.85904e+11
-8.85904e+11 1.77208e+12 -8.86173e+11
-8.86173e+11 1.77262e+12 -8.86442e+11
-8.86442e+11 1.77315e+12 -8.86712e+11
-8.86712e+11 1.77369e+12 -8.86981e+11
-8.86981e+11 1.77423e+12 -8.8725e+11
-8.8725e+11 1.77477e+12 -8.87519e+11
-8.87519e+11 1.77531e+12 -8.87788e+11
-8.87788e+11 1.77585e+12 -8.88058e+11
-8.88058e+11 1.77638e+12 -8.88327e+11
-8.88327e+11 1.77692e+12 -8.88596e+11
-8.88596e+11 1.77746e+12 -8.88865e+11
-8.88865e+11 1.778e+12 -8.89135e+11
-8.89135e+11 1.77854e+12 -8.89404e+11
-8.89404e+11 1.77908e+12 -8.89673e+11
-8.89673e+11 1.77962e+12 -8.89942e+11
-8.89942e+11 1.78015e+12 -8.90212e+11
-8.90212e+11 1.78069e+12 -8.90481e+11
-8.90481e+11 1.78123e+12 -8.9075e+11
-8.9075e+11 1.78177e+12 -8.91019e+11
-8.91019e+11 1.78231e+12 -8.91288e+11
-8.91288e+11 1.78285e+12 -8.91558e+11
-8.91558e+11 1.78338e+12 -8.91827e+11
-8.91827e+11 1.78392e+12 -8.92096e+11
-8.92096e+11 1.78446e+12 -8.92365e+11
-8.92365e+11 1.785e+12 -8.92635e+11
-8.92635e+11 1.78554e+12 -8.92904e+11
-8.92904e+11 1.78608e+12 -8.93173e+11
-8.93173e+11 1.78662e+12 -8.93442e+11
-8.93442e+11 1.78715e+12 -8.93712e+11
-8.93712e+11 1.78769e+12 -8.93981e+11
-8.93981e+11 1.78823e+12 -8.9425e+11
-8.9425e+11 1.78877e+12 -8.94519e+11
-8.94519e+11 1.78931e+12 -8.94788e+11
-8.94788e+11 1.78985e+12 -8.95058e+11
-8.95058e+11 1.79038e+12 -8.95327e+11
-8.95327e+11 1.79092e+12 -8.95596e+11
-8.95596e+11 1.79146e+12 -8.95865e+11
-8.95865e+11 1.792e+12 -8.96135e+11
-8.96135e+11 1.79254e+12 -8.96404e+11
-8.96404e+11 1.79308e+12 -8.96673e+11
-8.96673e+11 1.79362e+12 -8.96942e+11
-8.96942e+11 1.79415e+12 -8.97212e+11
-8.97212e+11 1.79469e+12 -8.97481e+11
-8.97481e+11 1.79523e+12 -8.9775e+11
-8.9775e+11 1.79577e+12 -8.98019e+11
-8.98019e+11 1.79631e+12 -8.98288e+11
-8.98288e+11 1.79685e+12 -8.98558e+11
-8.98558e+11 1.79738e+12 -8.98827e+11
-8.98827e+11 1.79792e+12 -8.99096e+11
-8.99096e+11 1.79846e+12 -8.99365e+11
-8.99365e+11 1.799e+12 -8.99635e+11
-8.99635e+11 1.79954e+12 -8.99904e+11
-8.99904e+11 1.80008e+12 -9.00173e+11
-9.00173e+11 1.80062e+12 -9.00442e+11
-9.00442e+11 1.80115e+12 -9.00712e+11
-9.00712e+11 1.80169e+12 -9.00981e+11
-9.00981e+11 1.80223e+12 -9.0125e+11
-9.0125e+11 1.80277e+12 -9.01519e+11
-9.01519e+11 1.80331e+12 -9.01788e+11
-9.01788e+11 1.80385e+12 -9.02058e+11
-9.02058e+11 1.80438e+12 -9.02327e+11
-9.02327e+11 1.80492e+12 -9.02596e+11
-9.02596e+11 1.80546e+12 -9.02865e+11
-9.02865e+11 1.806e+12 -9.03135e+11
-9.03135e+11 1.80654e+12 -9.03404e+11
-9.03404e+11 1.80708e+12 -9.03673e+11
-9.03673e+11 1.80762e+12 -9.03942e+11
-9.03942e+11 1.80815e+12 -9.04212e+11
-9.04212e+11 1.80869e+12 -9.04481e+11
-9.04481e+11 1.80923e+12 -9.0475e+11
-9.0475e+11 1.80977e+12 -9.05019e+11
-9.05019e+11 1.81031e+12 -9.05288e+11
-9.05288e+11 1.81085e+12 -9.05558e+11
-9.05558e+11 1.81138e+12 -9.05827e+11
-9.05827e+11 1.81192e+12 -9.06096e+11
-9.06096e+11 1.81246e+12 -9.06365e+11
-9.06365e+11 1.813e+12 -9.06635e+11
-9.06635e+11 1.81354e+12 -9.06904e+11
-9.06904e+11 1.81408e+12 -9.07173e+11
-9.07173e+11 1.81462e+12 -9.07442e+11
-9.07442e+11 1.81515e+12 -9.07712e+11
-9.07712e+11 1.81569e+12 -9.07981e+11
-9.07981e+11 1.81623e+12 -9.0825e+11
-9.0825e+11 1.81677e+12 -9.08519e+11
-9.08519e+11 1.81731e+12 -9.08788e+11
-9.08788e+11 1.81785e+12 -9.09058e+11
-9.09058e+11 1.81838e+12 -9.09327e+11
-9.09327e+11 1.81892e+12 -9.09596e+11
-9.09596e+11 1.81946e+12 -9.09865e+11
-9.09865e+11 1.82e+12 -9.10135e+11
-9.10135e+11 1.82054e+12 -9.10404e+11
-9.10404e+11 1.82108e+12 -9.10673e+11
-9.10673e+11 1.82162e+12 -9.10942e+11
-9.10942e+11 1.82215e+12 -9.11212e+11
-9.11212e+11 1.82269e+12 -9.11481e+11
-9.11481e+11 1.82323e+12 -9.1175e+11
-9.1175e+11 1.82377e+12 -9.12019e+11
-9.12019e+11 1.82431e+12 -9.12288e+11
-9.12288e+11 1.82485e+12 -9.12558e+11
-9.12558e+11 1.82538e+12 -9.12827e+11
-9.12827e+11 1.82592e+12 -9.13096e+11
-9.13096e+11 1.82646e+12 -9.13365e+11
-9.13365e+11 1.827e+12 -9.13635e+11
-9.13635e+11 1.82754e+12 -9.13904e+11
-9.13904e+11 1.82808e+12 -9.14173e+11
-9.14173e+11 1.82862e+12 -9.14442e+11
-9.14442e+11 1.82915e+12 -9.14712e+11
-9.14712e+11 1.82969e+12 -9.14981e+11
-9.14981e+11 1.83023e+12 -9.1525e+11
-9.1525e+11 1.83077e+12 -9.15519e+11
-9.15519e+11 1.83131e+12 -9.15788e+11
-9.15788e+11 1.83185e+12 -9.16058e+11
-9.16058e+11 1.83238e+12 -9.16327e+11
-9.16327e+11 1.83292e+12 -9.16596e+11
-9.16596e+11 1.83346e+12 -9.16865e+11
-9.16865e+11 1.834e+12 -9.17135e+11
-9.17135e+11 1.83454e+12 -9.17404e+11
-9.17404e+11 1.83508e+12 -9.17673e+11
-9.17673e+11 1.83562e+12 -9.17942e+11
-9.17942e+11 1.83615e+12 -9.18212e+11
-9.18212e+11 1.83669e+12 -9.18481e+11
-9.18481e+11 1.83723e+12 -9.1875e+11
-9.1875e+11 1.83777e+12 -9.19019e+11
-9.19019e+11 1.83831e+12 -9.19288e+11
-9.19288e+11 1.83885e+12 -9.19558e+11
-9.19558e+11 1.83938e+12 -9.19827e+11
-9.19827e+11 1.83992e+12 -9.20096e+11
-9.20096e+11 1.84046e+12 -9.20365e+11
-9.20365e+11 1.841e+12 -9.20635e+11
-9.20635e+11 1.84154e+12 -9.20904e+11
-9.20904e+11 1.84208e+12 -9.21173e+11
-9.21173e+11 1.84262e+12 -9.21442e+11
-9.21442e+11 1.84315e+12 -9.21712e+11
-9.21712e+11 1.84369e+12 -9.21981e+11
-9.21981e+11 1.84423e+12 -9.2225e+11
-9.2225e+11 1.84477e+12 -9.22519e+11
-9.22519e+11 1.84531e+12 -9.22788e+11
-9.22788e+11 1.84585e+12 -9.23058e+11
-9.23058e+11 1.84638e+12 -9.23327e+11
-9.23327e+11 1.84692e+12 -9.23596e+11
-9.23596e+11 1.84746e+12 -9.23865e+11
-9.23865e+11 1.848e+12 -9.24135e+11
-9.24135e+11 1.84854e+12 -9.24404e+11
-9.24404e+11 1.84908e+12 -9.24673e+11
-9.24673e+11 1.84962e+12 -9.24942e+11
-9.24942e+11 1.85015e+12 -9.25212e+11
-9.25212e+11 1.85069e+12 -9.25481e+11
-9.25481e+11 1.85123e+12 -9.2575e+11
-9.2575e+11 1.85177e+12 -9.26019e+11
-9.26019e+11 1.85231e+12 -9.26288e+11
-9.26288e+11 1.85285e+12 -9.26558e+11
-9.26558e+11 1.85338e+12 -9.26827e+11
-9.26827e+11 1.85392e+12 -9.27096e+11
-9.27096e+11 1.85446e+12 -9.27365e+11
-9.27365e+11 1.855e+12 -9.27635e+11
-9.27635e+11 1.85554e+12 -9.27904e+11
-9.27904e+11 1.85608e+12 -9.28173e+11
-9.28173e+11 1.85662e+12 -9.28442e+11
-9.28442e+11 1.85715e+12 -9.28712e+11
-9.28712e+11 1.85769e+12 -9.28981e+11
-9.28981e+11 1.85823e+12 -9.2925e+11
-9.2925e+11 1.85877e+12 -9.29519e+11
-9.29519e+11 1.85931e+12 -9.29788e+11
-9.29788e+11 1.85985e+12 -9.30058e+11
-9.30058e+11 1.86038e+12 -9.30327e+11
-9.30327e+11 1.86092e+12 -9.30596e+11
-9.30596e+11 1.86146e+12 -9.30865e+11
-9.30865e+11 1.862e+12 -9.31135e+11
-9.31135e+11 1.86254e+12 -9.31404e+11
-9.31404e+11 1.86308e+12 -9.31673e+11
-9.31673e+11 1.86362e+12 -9.31942e+11
-9.31942e+11 1.86415e+12 -9.32212e+11
-9.32212e+11 1.86469e+12 -9.32481e+11
-9.32481e+11 1.86523e+12 -9.3275e+11
-9.3275e+11 1.86577e+12 -9.33019e+11
-9.33019e+11 1.86631e+12 -9.33288e+11
-9.33288e+11 1.86685e+12 -9.33558e+11
-9.33558e+11 1.86738e+12 -9.33827e+11
-9.33827e+11 1.86792e+12 -9.34096e+11
-9.34096e+11 1.86846e+12 -9.34365e+11
-9.34365e+11 1.869e+12 -9.34635e+11
-9.34635e+11 1.86954e+12 -9.34904e+11
-9.34904e+11 1.87008e+12 -9.35173e+11
-9.35173e+11 1.87062e+12 -9.35442e+11
-9.35442e+11 1.87115e+12 -9.35712e+11
-9.35712e+11 1.87169e+12 -9.35981e+11
-9.35981e+11 1.87223e+12 -9.3625e+11
-9.3625e+11 1.87277e+12 -9.36519e+11
-9.36519e+11 1.87331e+12 -9.36788e+11
-9.36788e+11 1.87385e+12 -9.37058e+11
-9.37058e+11 1.87438e+12 -9.37327e+11
-9.37327e+11 1.87492e+12 -9.37596e+11
-9.37596e+11 1.87546e+12 -9.37865e+11
-9.37865e+11 1.876e+12 -9.38135e+11
-9.38135e+11 1.87654e+12 -9.38404e+11
-9.38404e+11 1.87708e+12 -9.38673e+11
-9.38673e+11 1.87762e+12 -9.38942e+11
-9.38942e+11 1.87815e+12 -9.39212e+11
-9.39212e+11 1.87869e+12 -9.39481e+11
-9.39481e+11 1.87923e+12 -9.3975e+11
-9.3975e+11 1.87977e+12 -9.40019e+11
-9.40019e+11 1.88031e+12 -9.40288e+11
-9.40288e+11 1.88085e+12 -9.40558e+11
-9.40558e+11 1.88138e+12 -9.40827e+11
-9.40827e+11 1.88192e+12 -9.41096e+11
-9.41096e+11 1.88246e+12 -9.41365e+11
-9.41365e+11 1.883e+12 -9.41635e+11
-9.41635e+11 1.88354e+12 -9.41904e+11
-9.41904e+11 1.88408e+12 -9.42173e+11
-9.42173e+11 1.88462e+12 -9.42442e+11
-9.42442e+11 1.88515e+12 -9.42712e+11
-9.42712e+11 1.88569e+12 -9.42981e+11
-9.42981e+11 1.88623e+12 -9.4325e+11
-9.4325e+11 1.88677e+12 -9.43519e+11
-9.43519e+11 1.88731e+12 -9.43788e+11
-9.43788e+11 1.88785e+12 -9.44058e+11
-9.44058e+11 1.88838e+12 -9.44327e+11
-9.44327e+11 1.88892e+12 -9.44596e+11
-9.44596e+11 1.88946e+12 -9.44865e+11
-9.44865e+11 1.89e+12 -9.45135e+11
-9.45135e+11 1.89054e+12 -9.45404e+11
-9.45404e+11 1.89108e+12 -9.45673e+11
-9.45673e+11 1.89162e+12 -9.45942e+11
-9.45942e+11 1.89215e+12 -9.46212e+11
-9.46212e+11 1.89269e+12 -9.46481e+11
-9.46481e+11 1.89323e+12 -9.4675e+11
-9.4675e+11 1.89377e+12 -9.47019e+11
-9.47019e+11 1.89431e+12 -9.47288e+11
-9.47288e+11 1.89485e+12 -9.47558e+11
-9.47558e+11 1.89538e+12 -9.47827e+11
-9.47827e+11 1.89592e+12 -9.48096e+11
-9.48096e+11 1.89646e+12 -9.48365e+11
-9.48365e+11 1.897e+12 -9.48635e+11
-9.48635e+11 1.89754e+12 -9.48904e+11
-9.48904e+11 1.89808e+12 -9.49173e+11
-9.49173e+11 1.89862e+12 -9.49442e+11
-9.49442e+11 1.89915e+12 -9.49712e+11
-9.49712e+11 1.89969e+12 -9.49981e+11
-9.49981e+11 1.90023e+12 -9.5025e+11
-9.5025e+11 1.90077e+12 -9.50519e+11
-9.50519e+11 1.90131e+12 -9.50788e+11
-9.50788e+11 1.90185e+12 -9.51058e+11
-9.51058e+11 1.90238e+12 -9.51327e+11
-9.51327e+11 1.90292e+12 -9.51596e+11
-9.51596e+11 1.90346e+12 -9.51865e+11
-9.51865e+11 1.904e+12 -9.52135e+11
-9.52135e+11 1.90454e+12 -9.52404e+11
-9.52404e+11 1.90508e+12 -9.52673e+11
-9.52673e+11 1.90562e+12 -9.52942e+11
-9.52942e+11 1.90615e+12 -9.53212e+11
-9.53212e+11 1.90669e+12 -9.53481e+11
-9.53481e+11 1.90723e+12 -9.5375e+11
-9.5375e+11 1.90777e+12 -9.54019e+11
-9.54019e+11 1.90831e+12 -9.54288e+11
-9.54288e+11 1.90885e+12 -9.54558e+11
-9.54558e+11 1.90938e+12 -9.54827e+11
-9.54827e+11 1.90992e+12 -9.55096e+11
-9.55096e+11 1.91046e+12 -9.55365e+11
-9.55365e+11 1.911e+12 -9.55635e+11
-9.55635e+11 1.91154e+12 -9.55904e+11
-9.55904e+11 1.91208e+12 -9.56173e+11
-9.56173e+11 1.91262e+12 -9.56442e+11
-9.56442e+11 1.91315e+12 -9.56712e+11
-9.56712e+11 1.91369e+12 -9.56981e+11
-9.56981e+11 1.91423e+12 -9.5725e+11
-9.5725e+11 1.91477e+12 -9.57519e+11
-9.57519e+11 1.91531e+12 -9.57788e+11
-9.57788e+11 1.91585e+12 -9.58058e+11
-9.58058e+11 1.91638e+12 -9.58327e+11
-9.58327e+11 1.91692e+12 -9.58596e+11
-9.58596e+11 1.91746e+12 -9.58865e+11
-9.58865e+11 1.918e+12 -9.59135e+11
-9.59135e+11 1.91854e+12 -9.59404e+11
-9.59404e+11 1.91908e+12 -9.59673e+11
-9.59673e+11 1.91962e+12 -9.59942e+11
-9.59942e+11 1.92015e+12 -9.60212e+11
-9.60212e+11 1.92069e+12 -9.60481e+11
-9.60481e+11 1.92123e+12 -9.6075e+11
-9.6075e+11 1.92177e+12 -9.61019e+11
-9.61019e+11 1.92231e+12 -9.61288e+11
-9.61288e+11 1.92285e+12 -9.61558e+11
-9.61558e+11 1.92338e+12 -9.61827e+11
-9.61827e+11 1.92392e+12 -9.62096e+11
-9.62096e+11 1.92446e+12 -9.62365e+11
-9.62365e+11 1.925e+12 -9.62635e+11
-9.62635e+11 1.92554e+12 -9.62904e+11
-9.62904e+11 1.92608e+12 -9.63173e+11
-9.63173e+11 1.92662e+12 -9.63442e+11
-9.63442e+11 1.92715e+12 -9.63712e+11
-9.63712e+11 1.92769e+12 -9.63981e+11
-9.63981e+11 1.92823e+12 -9.6425e+11
-9.6425e+11 1.92877e+12 -9.64519e+11
-9.64519e+11 1.92931e+12 -9.64788e+11
-9.64788e+11 1.92985e+12 -9.65058e+11
-9.65058e+11 1.93038e+12 -9.65327e+11
-9.65327e+11 1.93092e+12 -9.65596e+11
-9.65596e+11 1.93146e+12 -9.65865e+11
-9.65865e+11 1.932e+12 -9.66135e+11
-9.66135e+11 1.93254e+12 -9.66404e+11
-9.66404e+11 1.93308e+12 -9.66673e+11
-9.66673e+11 1.93362e+12 -9.66942e+11
-9.66942e+11 1.93415e+12 -9.67212e+11
-9.67212e+11 1.93469e+12 -9.67481e+11
-9.67481e+11 1.93523e+12 -9.6775e+11
-9.6775e+11 1.93577e+12 -9.68019e+11
-9.68019e+11 1.93631e+12 -9.68288e+11
-9.68288e+11 1.93685e+12 -9.68558e+11
-9.68558e+11 1.93738e+12 -9.68827e+11
-9.68827e+11 1.93792e+12 -9.69096e+11
-9.69096e+11 1.93846e+12 -9.69365e+11
-9.69365e+11 1.939e+12 -9.69635e+11
-9.69635e+11 1.93954e+12 -9.69904e+11
-9.69904e+11 1.94008e+12 -9.70173e+11
-9.70173e+11 1.94062e+12 -9.70442e+11
-9.70442e+11 1.94115e+12 -9.70712e+11
-9.70712e+11 1.94169e+12 -9.70981e+11
-9.70981e+11 1.94223e+12 -9.7125e+11
-9.7125e+11 1.94277e+12 -9.71519e+11
-9.71519e+11 1.94331e+12 -9.71788e+11
-9.71788e+11 1.94385e+12 -9.72058e+11
-9.72058e+11 1.94438e+12 -9.72327e+11
-9.72327e+11 1.94492e+12 -9.72596e+11
-9.72596e+11 1.94546e+12 -9.72865e+11
-9.72865e+11 1.946e+12 -9.73135e+11
-9.73135e+11 1.94654e+12 -9.73404e+11
-9.73404e+11 1.94708e+12 -9.73673e+11
-9.73673e+11 1.94762e+12 -9.73942e+11
-9.73942e+11 1.94815e+12 -9.74212e+11
-9.74212e+11 1.94869e+12 -9.74481e+11
-9.74481e+11 1.94923e+12 -9.7475e+11
-9.7475e+11 1.94977e+12 -9.75019e+11
-9.75019e+11 1.95031e+12 -9.75288e+11
-9.75288e+11 1.95085e+12 -9.75558e+11
-9.75558e+11 1.95138e+12 -9.75827e+11
-9.75827e+11 1.95192e+12 -9.76096e+11
-9.76096e+11 1.95246e+12 -9.76365e+11
-9.76365e+11 1.953e+12 -9.76635e+11
-9.76635e+11 1.95354e+12 -9.76904e+11
-9.76904e+11 1.95408e+12 -9.77173e+11
-9.77173e+11 1.95462e+12 -9.77442e+11
-9.77442e+11 1.95515e+12 -9.77712e+11
-9.77712e+11 1.95569e+12 -9.77981e+11
-9.77981e+11 1.95623e+12 -9.7825e+11
-9.7825e+11 1.95677e+12 -9.78519e+11
-9.78519e+11 1.95731e+12 -9.78788e+11
-9.78788e+11 1.95785e+12 -9.79058e+11
-9.79058e+11 1.95838e+12 -9.79327e+11
-9.79327e+11 1.95892e+12 -9.79596e+11
-9.79596e+11 1.95946e+12 -9.79865e+11
-9.79865e+11 1.96e+12 -9.80135e+11
-9.80135e+11 1.96054e+12 -9.80404e+11
-9.80404e+11 1.96108e+12 -9.80673e+11
-9.80673e+11 1.96162e+12 -9.80942e+11
-9.80942e+11 1.96215e+12 -9.81212e+11
-9.81212e+11 1.96269e+12 -9.81481e+11
-9.81481e+11 1.96323e+12 -9.8175e+11
-9.8175e+11 1.96377e+12 -9.82019e+11
-9.82019e+11 1.96431e+12 -9.82288e+11
-9.82288e+11 1.96485e+12 -9.82558e+11
-9.82558e+11 1.96538e+12 -9.82827e+11
-9.82827e+11 1.96592e+12 -9.83096e+11
-9.83096e+11 1.96646e+12 -9.83365e+11
-9.83365e+11 1.967e+12 -9.83635e+11
-9.83635e+11 1.96754e+12 -9.83904e+11
-9.83904e+11 1.96808e+12 -9.84173e+11
-9.84173e+11 1.96862e+12 -9.84442e+11
-9.84442e+11 1.96915e+12 -9.84712e+11
-9.84712e+11 1.96969e+12 -9.84981e+11
-9.84981e+11 1.97023e+12 -9.8525e+11
-9.8525e+11 1.97077e+12 -9.85519e+11
-9.85519e+11 1.97131e+12 -9.85788e+11
-9.85788e+11 1.97185e+12 -9.86058e+11
-9.86058e+11 1.97238e+12 -9.86327e+11
-9.86327e+11 1.97292e+12 -9.86596e+11
-9.86596e+11 1.97346e+12 -9.86865e+11
-9.86865e+11 1.974e+12 -9.87135e+11
-9.87135e+11 1.97454e+12 -9.87404e+11
-9.87404e+11 1.97508e+12 -9.87673e+11
-9.87673e+11 1.97562e+12 -9.87942e+11
-9.87942e+11 1.97615e+12 -9.88212e+11
-9.88212e+11 1.97669e+12 -9.88481e+11
-9.88481e+11 1.97723e+12 -9.8875e+11
-9.8875e+11 1.97777e+12 -9.89019e+11
-9.89019e+11 1.97831e+12 -9.89288e+11
-9.89288e+11 1.97885e+12 -9.89558e+11
-9.89558e+11 1.97938e+12 -9.89827e+11
-9.89827e+11 1.97992e+12 -9.90096e+11
-9.90096e+11 1.98046e+12 -9.90365e+11
-9.90365e+11 1.981e+12 -9.90635e+11
-9.90635e+11 1.98154e+12 -9.90904e+11
-9.90904e+11 1.98208e+12 -9.91173e+11
-9.91173e+11 1.98262e+12 -9.91442e+11
-9.91442e+11 1.98315e+12 -9.91712e+11
-9.91712e+11 1.98369e+12 -9.91981e+11
-9.91981e+11 1.98423e+12 -9.9225e+11
-9.9225e+11 1.98477e+12 -9.92519e+11
-9.92519e+11 1.98531e+12 -9.92788e+11
-9.92788e+11 1.98585e+12 -9.93058e+11
-9.93058e+11 1.98638e+12 -9.93327e+11
-9.93327e+11 1.98692e+12 -9.93596e+11
-9.93596e+11 1.98746e+12 -9.93865e+11
-9.93865e+11 1.988e+12 -9.94135e+11
-9.94135e+11 1.98854e+12 -9.94404e+11
-9.94404e+11 1.98908e+12 -9.94673e+11
-9.94673e+11 1.98962e+12 -9.94942e+11
-9.94942e+11 1.99015e+12 -9.95212e+11
-9.95212e+11 1.99069e+12 -9.95481e+11
-9.95481e+11 1.99123e+12 -9.9575e+11
-9.9575e+11 1.99177e+12 -9.96019e+11
-9.96019e+11 1.99231e+12 -9.96288e+11
-9.96288e+11 1.99285e+12 -9.96558e+11
-9.96558e+11 1.99338e+12 -9.96827e+11
-9.96827e+11 1.99392e+12 -9.97096e+11
-9.97096e+11 1.99446e+12 -9.97365e+11
-9.97365e+11 1.995e+12 -9.97635e+11
-9.97635e+11 1.99554e+12 -9.97904e+11
-9.97904e+11 1.99608e+12 -9.98173e+11
-9.98173e+11 1.99662e+12 -9.98442e+11
-9.98442e+11 1.99715e+12 -9.98712e+11
-9.98712e+11 1.99769e+12 -9.98981e+11
-9.98981e+11 1.99823e+12 -9.9925e+11
-9.9925e+11 1.99877e+12 -9.99519e+11
-9.99519e+11 1.99931e+12 -9.99788e+11
-9.99788e+11 1.99985e+12 -1.00006e+12
-1.00006e+12 2.00038e+12 -1.00033e+12
-1.00033e+12 2.00092e+12 -1.0006e+12
-1.0006e+12 2.00146e+12 -1.00087e+12
-1.00087e+12 2.002e+12 -1.00113e+12
-1.00113e+12 2.00254e+12 -1.0014e+12
-1.0014e+12 2.00308e+12 -1.00167e+12
-1.00167e+12 2.00362e+12 -1.00194e+12
-1.00194e+12 2.00415e+12 -1.00221e+12
-1.00221e+12 2.00469e+12 -1.00248e+12
-1.00248e+12 2.00523e+12 -1.00275e+12
-1.00275e+12 2.00577e+12 -1.00302e+12
-1.00302e+12 2.00631e+12 -1.00329e+12
-1.00329e+12 2.00685e+12 -1.00356e+12
-1.00356e+12 2.00738e+12 -1.00383e+12
-1.00383e+12 2.00792e+12 -1.0041e+12
-1.0041e+12 2.00846e+12 -1.00437e+12
-1.00437e+12 2.009e+12 -1.00463e+12
-1.00463e+12 2.00954e+12 -1.0049e+12
-1.0049e+12 2.01008e+12 -1.00517e+12
-1.00517e+12 2.01062e+12 -1.00544e+12
-1.00544e+12 2.01115e+12 -1.00571e+12
-1.00571e+12 2.01169e+12 -1.00598e+12
-1.00598e+12 2.01223e+12 -1.00625e+12
-1.00625e+12 2.01277e+12 -1.00652e+12
-1.00652e+12 2.01331e+12 -1.00679e+12
-1.00679e+12 2.01385e+12 -1.00706e+12
-1.00706e+12 2.01438e+12 -1.00733e+12
-1.00733e+12 2.01492e+12 -1.0076e+12
-1.0076e+12 2.01546e+12 -1.00787e+12
-1.00787e+12 2.016e+12 -1.00813e+12
-1.00813e+12 2.01654e+12 -1.0084e+12
-1.0084e+12 2.01708e+12 -1.00867e+12
-1.00867e+12 2.01762e+12 -1.00894e+12
-1.00894e+12 2.01815e+12 -1.00921e+12
-1.00921e+12 2.01869e+12 -1.00948e+12
-1.00948e+12 2.01923e+12 -1.00975e+12
-1.00975e+12 2.01977e+12 -1.01002e+12
-1.01002e+12 2.02031e+12 -1.01029e+12
-1.01029e+12 2.02085e+12 -1.01056e+12
-1.01056e+12 2.02138e+12 -1.01083e+12
-1.01083e+12 2.02192e+12 -1.0111e+12
-1.0111e+12 2.02246e+12 -1.01137e+12
-1.01137e+12 2.023e+12 -1.01163e+12
-1.01163e+12 2.02354e+12 -1.0119e+12
-1.0119e+12 2.02408e+12 -1.01217e+12
-1.01217e+12 2.02462e+12 -1.01244e+12
-1.01244e+12 2.02515e+12 -1.01271e+12
-1.01271e+12 2.02569e+12 -1.01298e+12
-1.01298e+12 2.02623e+12 -1.01325e+12
-1.01325e+12 2.02677e+12 -1.01352e+12
-1.01352e+12 2.02731e+12 -1.01379e+12
-1.01379e+12 2.02785e+12 -1.01406e+12
-1.01406e+12 2.02838e+12 -1.01433e+12
-1.01433e+12 2.02892e+12 -1.0146e+12
-1.0146e+12 2.02946e+12 -1.01487e+12
-1.01487e+12 2.03e+12 -1.01513e+12
-1.01513e+12 2.03054e+12 -1.0154e+12
-1.0154e+12 2.03108e+12 -1.01567e+12
-1.01567e+12 2.03162e+12 -1.01594e+12
-1.01594e+12 2.03215e+12 -1.01621e+12
-1.01621e+12 2.03269e+12 -1.01648e+12
-1.01648e+12 2.03323e+12 -1.01675e+12
-1.01675e+12 2.03377e+12 -1.01702e+12
-1.01702e+12 2.03431e+12 -1.01729e+12
-1.01729e+12 2.03485e+12 -1.01756e+12
-1.01756e+12 2.03538e+12 -1.01783e+12
-1.01783e+12 2.03592e+12 -1.0181e+12
-1.0181e+12 2.03646e+12 -1.01837e+12
-1.01837e+12 2.037e+12 -1.01863e+12
-1.01863e+12 2.03754e+12 -1.0189e+12
-1.0189e+12 2.03808e+12 -1.01917e+12
-1.01917e+12 2.03862e+12 -1.01944e+12
-1.01944e+12 2.03915e+12 -1.01971e+12
-1.01971e+12 2.03969e+12 -1.01998e+12
-1.01998e+12 2.04023e+12 -1.02025e+12
-1.02025e+12 2.04077e+12 -1.02052e+12
-1.02052e+12 2.04131e+12 -1.02079e+12
-1.02079e+12 2.04185e+12 -1.02106e+12
-1.02106e+12 2.04238e+12 -1.02133e+12
-1.02133e+12 2.04292e+12 -1.0216e+12
-1.0216e+12 2.04346e+12 -1.02187e+12
-1.02187e+12 2.044e+12 -1.02213e+12
-1.02213e+12 2.04454e+12 -1.0224e+12
-1.0224e+12 2.04508e+12 -1.02267e+12
-1.02267e+12 2.04562e+12 -1.02294e+12
-1.02294e+12 2.04615e+12 -1.02321e+12
-1.02321e+12 2.04669e+12 -1.02348e+12
-1.02348e+12 2.04723e+12 -1.02375e+12
-1.02375e+12 2.04777e+12 -1.02402e+12
-1.02402e+12 2.04831e+12 -1.02429e+12
-1.02429e+12 2.04885e+12 -1.02456e+12
-1.02456e+12 2.04938e+12 -1.02483e+12
-1.02483e+12 2.04992e+12 -1.0251e+12
-1.0251e+12 2.05046e+12 -1.02537e+12
-1.02537e+12 2.051e+12 -1.02563e+12
-1.02563e+12 2.05154e+12 -1.0259e+12
-1.0259e+12 2.05208e+12 -1.02617e+12
-1.02617e+12 2.05262e+12 -1.02644e+12
-1.02644e+12 2.05315e+12 -1.02671e+12
-1.02671e+12 2.05369e+12 -1.02698e+12
-1.02698e+12 2.05423e+12 -1.02725e+12
-1.02725e+12 2.05477e+12 -1.02752e+12
-1.02752e+12 2.05531e+12 -1.02779e+12
-1.02779e+12 2.05585e+12 -1.02806e+12
-1.02806e+12 2.05638e+12 -1.02833e+12
-1.02833e+12 2.05692e+12 -1.0286e+12
-1.0286e+12 2.05746e+12 -1.02887e+12
-1.02887e+12 2.058e+12 -1.02913e+12
-1.02913e+12 2.05854e+12 -1.0294e+12
-1.0294e+12 2.05908e+12 -1.02967e+12
-1.02967e+12 2.05962e+12 -1.02994e+12
-1.02994e+12 2.06015e+12 -1.03021e+12
-1.03021e+12 2.06069e+12 -1.03048e+12
-1.03048e+12 2.06123e+12 -1.03075e+12
-1.03075e+12 2.06177e+12 -1.03102e+12
-1.03102e+12 2.06231e+12 -1.03129e+12
-1.03129e+12 2.06285e+12 -1.03156e+12
-1.03156e+12 2.06338e+12 -1.03183e+12
-1.03183e+12 2.06392e+12 -1.0321e+12
-1.0321e+12 2.06446e+12 -1.03237e+12
-1.03237e+12 2.065e+12 -1.03263e+12
-1.03263e+12 2.06554e+12 -1.0329e+12
-1.0329e+12 2.06608e+12 -1.03317e+12
-1.03317e+12 2.06662e+12 -1.03344e+12
-1.03344e+12 2.06715e+12 -1.03371e+12
-1.03371e+12 2.06769e+12 -1.03398e+12
-1.03398e+12 2.06823e+12 -1.03425e+12
-1.03425e+12 2.06877e+12 -1.03452e+12
-1.03452e+12 2.06931e+12 -1.03479e+12
-1.03479e+12 2.06985e+12 -1.03506e+12
-1.03506e+12 2.07038e+12 -1.03533e+12
-1.03533e+12 2.07092e+12 -1.0356e+12
-1.0356e+12 2.07146e+12 -1.03587e+12
-1.03587e+12 2.072e+12 -1.03613e+12
-1.03613e+12 2.07254e+12 -1.0364e+12
-1.0364e+12 2.07308e+12 -1.03667e+12
-1.03667e+12 2.07362e+12 -1.03694e+12
-1.03694e+12 2.07415e+12 -1.03721e+12
-1.03721e+12 2.07469e+12 -1.03748e+12
-1.03748e+12 2.07523e+12 -1.03775e+12
-1.03775e+12 2.07577e+12 -1.03802e+12
-1.03802e+12 2.07631e+12 -1.03829e+12
-1.03829e+12 2.07685e+12 -1.03856e+12
-1.03856e+12 2.07738e+12 -1.03883e+12
-1.03883e+12 2.07792e+12 -1.0391e+12
-1.0391e+12 2.07846e+12 -1.03937e+12
-1.03937e+12 2.079e+12 -1.03963e+12
-1.03963e+12 2.07954e+12 -1.0399e+12
-1.0399e+12 2.08008e+12 -1.04017e+12
-1.04017e+12 2.08062e+12 -1.04044e+12
-1.04044e+12 2.08115e+12 -1.04071e+12
-1.04071e+12 2.08169e+12 -1.04098e+12
-1.04098e+12 2.08223e+12 -1.04125e+12
-1.04125e+12 2.08277e+12 -1.04152e+12
-1.04152e+12 2.08331e+12 -1.04179e+12
-1.04179e+12 2.08385e+12 -1.04206e+12
-1.04206e+12 2.08438e+12 -1.04233e+12
-1.04233e+12 2.08492e+12 -1.0426e+12
-1.0426e+12 2.08546e+12 -1.04287e+12
-1.04287e+12 2.086e+12 -1.04313e+12
-1.04313e+12 2.08654e+12 -1.0434e+12
-1.0434e+12 2.08708e+12 -1.04367e+12
-1.04367e+12 2.08762e+12 -1.04394e+12
-1.04394e+12 2.08815e+12 -1.04421e+12
-1.04421e+12 2.08869e+12 -1.04448e+12
-1.04448e+12 2.08923e+12 -1.04475e+12
-1.04475e+12 2.08977e+12 -1.04502e+12
-1.04502e+12 2.09031e+12 -1.04529e+12
-1.04529e+12 2.09085e+12 -1.04556e+12
-1.04556e+12 2.09138e+12 -1.04583e+12
-1.04583e+12 2.09192e+12 -1.0461e+12
-1.0461e+12 2.09246e+12 -1.04637e+12
-1.04637e+12 2.093e+12 -1.04663e+12
-1.04663e+12 2.09354e+12 -1.0469e+12
-1.0469e+12 2.09408e+12 -1.04717e+12
-1.04717e+12 2.09462e+12 -1.04744e+12
-1.04744e+12 2.09515e+12 -1.04771e+12
-1.04771e+12 2.09569e+12 -1.04798e+12
-1.04798e+12 2.09623e+12 -1.04825e+12
-1.04825e+12 2.09677e+12 -1.04852e+12
-1.04852e+12 2.09731e+12 -1.04879e+12
-1.04879e+12 2.09785e+12 -1.04906e+12
-1.04906e+12 2.09838e+12 -1.04933e+12
-1.04933e+12 2.09892e+12 -1.0496e+12
-1.0496e+12 2.09946e+12 -1.04987e+12
-1.04987e+12 2.1e+12 -1.05013e+12
-1.05013e+12 2.10054e+12 -1.0504e+12
-1.0504e+12 2.10108e+12 -1.05067e+12
-1.05067e+12 2.10162e+12 -1.05094e+12
-1.05094e+12 2.10215e+12 -1.05121e+12
-1.05121e+12 2.10269e+12 -1.05148e+12
-1.05148e+12 2.10323e+12 -1.05175e+12
-1.05175e+12 2.10377e+12 -1.05202e+12
-1.05202e+12 2.10431e+12 -1.05229e+12
-1.05229e+12 2.10485e+12 -1.05256e+12
-1.05256e+12 2.10538e+12 -1.05283e+12
-1.05283e+12 2.10592e+12 -1.0531e+12
-1.0531e+12 2.10646e+12 -1.05337e+12
-1.05337e+12 2.107e+12 -1.05363e+12
-1.05363e+12 2.10754e+12 -1.0539e+12
-1.0539e+12 2.10808e+12 -1.05417e+12
-1.05417e+12 2.10862e+12 -1.05444e+12
-1.05444e+12 2.10915e+12 -1.05471e+12
-1.05471e+12 2.10969e+12 -1.05498e+12
-1.05498e+12 2.11023e+12 -1.05525e+12
-1.05525e+12 2.11077e+12 -1.05552e+12
-1.05552e+12 2.11131e+12 -1.05579e+12
-1.05579e+12 2.11185e+12 -1.05606e+12
-1.05606e+12 2.11238e+12 -1.05633e+12
-1.05633e+12 2.11292e+12 -1.0566e+12
-1.0566e+12 2.11346e+12 -1.05687e+12
-1.05687e+12 2.114e+12 -1.05713e+12
-1.05713e+12 2.11454e+12 -1.0574e+12
-1.0574e+12 2.11508e+12 -1.05767e+12
-1.05767e+12 2.11562e+12 -1.05794e+12
-1.05794e+12 2.11615e+12 -1.05821e+12
-1.05821e+12 2.11669e+12 -1.05848e+12
-1.05848e+12 2.11723e+12 -1.05875e+12
-1.05875e+12 2.11777e+12 -1.05902e+12
-1.05902e+12 2.11831e+12 -1.05929e+12
-1.05929e+12 2.11885e+12 -1.05956e+12
-1.05956e+12 2.11938e+12 -1.05983e+12
-1.05983e+12 2.11992e+12 -1.0601e+12
-1.0601e+12 2.12046e+12 -1.06037e+12
-1.06037e+12 2.121e+12 -1.06063e+12
-1.06063e+12 2.12154e+12 -1.0609e+12
-1.0609e+12 2.12208e+12 -1.06117e+12
-1.06117e+12 2.12262e+12 -1.06144e+12
-1.06144e+12 2.12315e+12 -1.06171e+12
-1.06171e+12 2.12369e+12 -1.06198e+12
-1.06198e+12 2.12423e+12 -1.06225e+12
-1.06225e+12 2.12477e+12 -1.06252e+12
-1.06252e+12 2.12531e+12 -1.06279e+12
-1.06279e+12 2.12585e+12 -1.06306e+12
-1.06306e+12 2.12638e+12 -1.06333e+12
-1.06333e+12 2.12692e+12 -1.0636e+12
-1.0636e+12 2.12746e+12 -1.06387e+12
-1.06387e+12 2.128e+12 -1.06413e+12
-1.06413e+12 2.12854e+12 -1.0644e+12
-1.0644e+12 2.12908e+12 -1.06467e+12
-1.06467e+12 2.12962e+12 -1.06494e+12
-1.06494e+12 2.13015e+12 -1.06521e+12
-1.06521e+12 2.13069e+12 -1.06548e+12
-1.06548e+12 2.13123e+12 -1.06575e+12
-1.06575e+12 2.13177e+12 -1.06602e+12
-1.06602e+12 2.13231e+12 -1.06629e+12
-1.06629e+12 2.13285e+12 -1.06656e+12
-1.06656e+12 2.13338e+12 -1.06683e+12
-1.06683e+12 2.13392e+12 -1.0671e+12
-1.0671e+12 2.13446e+12 -1.06737e+12
-1.06737e+12 2.135e+12 -1.06763e+12
-1.06763e+12 2.13554e+12 -1.0679e+12
-1.0679e+12 2.13608e+12 -1.06817e+12
-1.06817e+12 2.13662e+12 -1.06844e+12
-1.06844e+12 2.13715e+12 -1.06871e+12
-1.06871e+12 2.13769e+12 -1.06898e+12
-1.06898e+12 2.13823e+12 -1.06925e+12
-1.06925e+12 2.13877e+12 -1.06952e+12
-1.06952e+12 2.13931e+12 -1.06979e+12
-1.06979e+12 2.13985e+12 -1.07006e+12
-1.07006e+12 2.14038e+12 -1.07033e+12
-1.07033e+12 2.14092e+12 -1.0706e+12
-1.0706e+12 2.14146e+12 -1.07087e+12
-1.07087e+12 2.142e+12 -1.07113e+12
-1.07113e+12 2.14254e+12 -1.0714e+12
-1.0714e+12 2.14308e+12 -1.07167e+12
-1.07167e+12 2.14362e+12 -1.07194e+12
-1.07194e+12 2.14415e+12 -1.07221e+12
-1.07221e+12 2.14469e+12 -1.07248e+12
-1.07248e+12 2.14523e+12 -1.07275e+12
-1.07275e+12 2.14577e+12 -1.07302e+12
-1.07302e+12 2.14631e+12 -1.07329e+12
-1.07329e+12 2.14685e+12 -1.07356e+12
-1.07356e+12 2.14738e+12 -1.07383e+12
-1.07383e+12 2.14792e+12 -1.0741e+12
-1.0741e+12 2.14846e+12 -1.07437e+12
-1.07437e+12 2.149e+12 -1.07463e+12
-1.07463e+12 2.14954e+12 -1.0749e+12
-1.0749e+12 2.15008e+12 -1.07517e+12
-1.07517e+12 2.15062e+12 -1.07544e+12
-1.07544e+12 2.15115e+12 -1.07571e+12
-1.07571e+12 1.07583e+12 0
