0.03 5.45999e-07
0.030101 5.44841e-07
0.030202 5.43693e-07
0.030303 5.42555e-07
0.030404 5.41426e-07
0.0305051 5.40308e-07
0.0306061 5.39199e-07
0.0307071 5.38099e-07
0.0308081 5.37009e-07
0.0309091 5.35929e-07
0.0310101 5.34857e-07
0.0311111 5.33795e-07
0.0312121 5.32742e-07
0.0313131 5.31697e-07
0.0314141 5.30662e-07
0.0315152 5.29635e-07
0.0316162 5.28617e-07
0.0317172 5.27608e-07
0.0318182 5.26607e-07
0.0319192 5.25615e-07
0.0320202 5.24631e-07
0.0321212 5.23656e-07
0.0322222 5.22689e-07
0.0323232 5.21729e-07
0.0324242 5.20778e-07
0.0325253 5.19835e-07
0.0326263 5.189e-07
0.0327273 5.17973e-07
0.0328283 5.17054e-07
0.0329293 5.16142e-07
0.0330303 5.15238e-07
0.0331313 5.14341e-07
0.0332323 5.13452e-07
0.0333333 5.1257e-07
0.0334343 5.11696e-07
0.0335354 5.10829e-07
0.0336364 5.0997e-07
0.0337374 5.09117e-07
0.0338384 5.08272e-07
0.0339394 5.07433e-07
0.0340404 5.06602e-07
0.0341414 5.05777e-07
0.0342424 5.0496e-07
0.0343434 5.04149e-07
0.0344444 5.03345e-07
0.0345455 5.02547e-07
0.0346465 5.01756e-07
0.0347475 5.00972e-07
0.0348485 5.00194e-07
0.0349495 4.99423e-07
0.0350505 4.98658e-07
0.0351515 4.979e-07
0.0352525 4.97147e-07
0.0353535 4.96401e-07
0.0354545 4.95661e-07
0.0355556 4.94928e-07
0.0356566 4.942e-07
0.0357576 4.93478e-07
0.0358586 4.92763e-07
0.0359596 4.92053e-07
0.0360606 4.91349e-07
0.0361616 4.90651e-07
0.0362626 4.89958e-07
0.0363636 4.89272e-07
0.0364646 4.88591e-07
0.0365657 4.87916e-07
0.0366667 4.87246e-07
0.0367677 4.86582e-07
0.0368687 4.85923e-07
0.0369697 4.8527e-07
0.0370707 4.84622e-07
0.0371717 4.83979e-07
0.0372727 4.83342e-07
0.0373737 4.8271e-07
0.0374747 4.82084e-07
0.0375758 4.81462e-07
0.0376768 4.80846e-07
0.0377778 4.80234e-07
0.0378788 4.79628e-07
0.0379798 4.79027e-07
0.0380808 4.78431e-07
0.0381818 4.7784e-07
0.0382828 4.77253e-07
0.0383838 4.76672e-07
0.0384848 4.76095e-07
0.0385859 4.75523e-07
0.0386869 4.74956e-07
0.0387879 4.74394e-07
0.0388889 4.73836e-07
0.0389899 4.73283e-07
0.0390909 4.72734e-07
0.0391919 4.7219e-07
0.0392929 4.71651e-07
0.0393939 4.71116e-07
0.0394949 4.70586e-07
0.039596 4.7006e-07
0.039697 4.69538e-07
0.039798 4.69021e-07
0.039899 4.68508e-07
0.04 4.67999e-07
