0.03 -6.23861e-05
0.0311111 -6.14551e-05
0.0322222 -6.06339e-05
0.0333333 -5.99114e-05
0.0344444 -5.92781e-05
0.0355556 -5.87257e-05
0.0366667 -5.82467e-05
0.0377778 -5.78348e-05
0.0388889 -5.74841e-05
0.04 -5.71896e-05
0.03 -1.24314e+37
0.0311111 -1.21536e+37
0.0322222 -1.19008e+37
0.0333333 -1.16704e+37
0.0344444 -1.14604e+37
0.0355556 -1.12688e+37
0.0366667 -1.10939e+37
0.0377778 -1.09343e+37
0.0388889 -1.07886e+37
0.04 -1.06558e+37
0.03 -9.8362e+160
0.0311111 -9.61639e+160
0.0322222 -9.41635e+160
0.0333333 -9.2341e+160
0.0344444 -9.06792e+160
0.0355556 -8.91632e+160
0.0366667 -8.77795e+160
0.0377778 -8.65166e+160
0.0388889 -8.5364e+160
0.04 -8.43127e+160
