0.03005 3.55047e+06
0.03015 3.53551e+06
0.03025 3.5207e+06
0.03035 3.50604e+06
0.03045 3.49152e+06
0.03055 3.47714e+06
0.03065 3.4629e+06
0.03075 3.4488e+06
0.03085 3.43484e+06
0.03095 3.42101e+06
0.03105 3.40732e+06
0.03115 3.39376e+06
0.03125 3.38033e+06
0.03135 3.36703e+06
0.03145 3.35385e+06
0.03155 3.3408e+06
0.03165 3.32788e+06
0.03175 3.31507e+06
0.03185 3.30239e+06
0.03195 3.28983e+06
0.03205 3.27738e+06
0.03215 3.26505e+06
0.03225 3.25284e+06
0.03235 3.24073e+06
0.03245 3.22874e+06
0.03255 3.21686e+06
0.03265 3.20509e+06
0.03275 3.19343e+06
0.03285 3.18187e+06
0.03295 3.17042e+06
0.03305 3.15908e+06
0.03315 3.14783e+06
0.03325 3.13669e+06
0.03335 3.12565e+06
0.03345 3.1147e+06
0.03355 3.10386e+06
0.03365 3.09311e+06
0.03375 3.08246e+06
0.03385 3.0719e+06
0.03395 3.06143e+06
0.03405 3.05106e+06
0.03415 3.04078e+06
0.03425 3.03059e+06
0.03435 3.02048e+06
0.03445 3.01047e+06
0.03455 3.00054e+06
0.03465 2.9907e+06
0.03475 2.98094e+06
0.03485 2.97127e+06
0.03495 2.96168e+06
0.03505 2.95217e+06
0.03515 2.94275e+06
0.03525 2.9334e+06
0.03535 2.92413e+06
0.03545 2.91494e+06
0.03555 2.90583e+06
0.03565 2.8968e+06
0.03575 2.88784e+06
0.03585 2.87896e+06
0.03595 2.87015e+06
0.03605 2.86141e+06
0.03615 2.85275e+06
0.03625 2.84416e+06
0.03635 2.83564e+06
0.03645 2.82719e+06
0.03655 2.81881e+06
0.03665 2.81049e+06
0.03675 2.80225e+06
0.03685 2.79407e+06
0.03695 2.78596e+06
0.03705 2.77791e+06
0.03715 2.76993e+06
0.03725 2.76202e+06
0.03735 2.75417e+06
0.03745 2.74638e+06
0.03755 2.73865e+06
0.03765 2.73098e+06
0.03775 2.72338e+06
0.03785 2.71583e+06
0.03795 2.70835e+06
0.03805 2.70092e+06
0.03815 2.69356e+06
0.03825 2.68625e+06
0.03835 2.679e+06
0.03845 2.6718e+06
0.03855 2.66466e+06
0.03865 2.65758e+06
0.03875 2.65055e+06
0.03885 2.64357e+06
0.03895 2.63665e+06
0.03905 2.62978e+06
0.03915 2.62297e+06
0.03925 2.6162e+06
0.03935 2.60949e+06
0.03945 2.60283e+06
0.03955 2.59622e+06
0.03965 2.58966e+06
0.03975 2.58315e+06
0.03985 2.57669e+06
