0 2322.48
0.010004 2311.79
0.020008 2301.16
0.030012 2290.58
0.040016 2280.05
0.05002 2269.57
0.060024 2259.14
0.070028 2248.77
0.080032 2238.44
0.090036 2228.17
0.10004 2217.95
0.110044 2207.78
0.120048 2197.66
0.130052 2187.59
0.140056 2177.58
0.15006 2167.62
0.160064 2157.71
0.170068 2147.86
0.180072 2138.06
0.190076 2128.31
0.20008 2118.62
0.210084 2108.97
0.220088 2099.39
0.230092 2089.85
0.240096 2080.37
0.2501 2070.95
0.260104 2061.58
0.270108 2052.26
0.280112 2043
0.290116 2033.8
0.30012 2024.65
0.310124 2015.55
0.320128 2006.51
0.330132 1997.53
0.340136 1988.6
0.35014 1979.73
0.360144 1970.92
0.370148 1962.16
0.380152 1953.46
0.390156 1944.81
0.40016 1936.23
0.410164 1927.7
0.420168 1919.23
0.430172 1910.82
0.440176 1902.46
0.45018 1894.16
0.460184 1885.93
0.470188 1877.75
0.480192 1869.63
0.490196 1861.57
0.5002 1853.57
0.510204 1845.63
0.520208 1837.75
0.530212 1829.93
0.540216 1822.17
0.55022 1814.48
0.560224 1806.84
0.570228 1799.27
0.580232 1791.75
0.590236 1784.3
0.60024 1776.91
0.610244 1769.59
0.620248 1762.32
0.630252 1755.12
0.640256 1747.99
0.65026 1740.91
0.660264 1733.9
0.670268 1726.96
0.680272 1720.08
0.690276 1713.26
0.70028 1706.51
0.710284 1699.82
0.720288 1693.2
0.730292 1686.64
0.740296 1680.15
0.7503 1673.73
0.760304 1667.37
0.770308 1661.08
0.780312 1654.86
0.790316 1648.7
0.80032 1642.62
0.810324 1636.6
0.820328 1630.64
0.830332 1624.76
0.840336 1618.94
0.85034 1613.2
0.860344 1607.52
0.870348 1601.91
0.880352 1596.37
0.890356 1590.9
0.90036 1585.5
0.910364 1580.17
0.920368 1574.92
0.930372 1569.73
0.940376 1564.61
0.95038 1559.56
0.960384 1554.59
0.970388 1549.69
0.980392 1544.86
0.990396 1540.1
1.0004 1535.41
1.0104 1530.8
1.02041 1526.25
1.03041 1521.79
1.04042 1517.39
1.05042 1513.07
1.06042 1508.82
1.07043 1504.64
1.08043 1500.54
1.09044 1496.51
1.10044 1492.55
1.11044 1488.67
1.12045 1484.87
1.13045 1481.13
1.14046 1477.48
1.15046 1473.89
1.16046 1470.38
1.17047 1466.95
1.18047 1463.59
1.19048 1460.3
1.20048 1457.09
1.21048 1453.96
1.22049 1450.9
1.23049 1447.92
1.2405 1445.01
1.2505 1442.17
1.2605 1439.41
1.27051 1436.73
1.28051 1434.12
1.29052 1431.58
1.30052 1429.13
1.31052 1426.74
1.32053 1424.43
1.33053 1422.2
1.34054 1420.04
1.35054 1417.96
1.36054 1415.95
1.37055 1414.01
1.38055 1412.15
1.39056 1410.37
1.40056 1408.66
1.41056 1407.02
1.42057 1405.46
1.43057 1403.97
1.44058 1402.56
1.45058 1401.21
1.46058 1399.95
1.47059 1398.75
1.48059 1397.63
1.4906 1396.58
1.5006 1395.61
1.5106 1394.7
1.52061 1393.87
1.53061 1393.11
1.54062 1392.42
1.55062 1391.81
1.56062 1391.26
1.57063 1390.79
1.58063 1390.38
1.59064 1390.05
1.60064 1389.79
1.61064 1389.59
1.62065 1389.47
1.63065 1389.41
1.64066 1389.42
1.65066 1389.51
1.66066 1389.65
1.67067 1389.87
1.68067 1390.15
1.69068 1390.5
1.70068 1390.92
1.71068 1391.4
1.72069 1391.95
1.73069 1392.56
1.7407 1393.24
1.7507 1393.98
1.7607 1394.79
1.77071 1395.66
1.78071 1396.59
1.79072 1397.59
1.80072 1398.64
1.81072 1399.76
1.82073 1400.94
1.83073 1402.18
1.84074 1403.48
1.85074 1404.84
1.86074 1406.26
1.87075 1407.74
1.88075 1409.28
1.89076 1410.87
1.90076 1412.53
1.91076 1414.24
1.92077 1416
1.93077 1417.82
1.94078 1419.7
1.95078 1421.63
1.96078 1423.61
1.97079 1425.65
1.98079 1427.74
1.9908 1429.89
2.0008 1432.09
2.0108 1434.34
2.02081 1436.64
2.03081 1438.99
2.04082 1441.39
2.05082 1443.84
2.06082 1446.34
2.07083 1448.89
2.08083 1451.48
2.09084 1454.13
2.10084 1456.82
2.11084 1459.55
2.12085 1462.34
2.13085 1465.17
2.14086 1468.04
2.15086 1470.96
2.16086 1473.92
2.17087 1476.93
2.18087 1479.98
2.19088 1483.07
2.20088 1486.2
2.21088 1489.38
2.22089 1492.59
2.23089 1495.85
2.2409 1499.14
2.2509 1502.48
2.2609 1505.85
2.27091 1509.27
2.28091 1512.72
2.29092 1516.2
2.30092 1519.73
2.31092 1523.29
2.32093 1526.89
2.33093 1530.52
2.34094 1534.19
2.35094 1537.89
2.36094 1541.63
2.37095 1545.4
2.38095 1549.21
2.39096 1553.05
2.40096 1556.92
2.41096 1560.82
2.42097 1564.75
2.43097 1568.72
2.44098 1572.71
2.45098 1576.74
2.46098 1580.79
2.47099 1584.88
2.48099 1588.99
2.491 1593.13
2.501 1597.3
2.511 1601.5
2.52101 1605.72
2.53101 1609.98
2.54102 1614.26
2.55102 1618.56
2.56102 1622.89
2.57103 1627.25
2.58103 1631.63
2.59104 1636.03
2.60104 1640.46
2.61104 1644.92
2.62105 1649.4
2.63105 1653.9
2.64106 1658.42
2.65106 1662.97
2.66106 1667.53
2.67107 1672.12
2.68107 1676.73
2.69108 1681.37
2.70108 1686.02
2.71108 1690.69
2.72109 1695.39
2.73109 1700.1
2.7411 1704.83
2.7511 1709.58
2.7611 1714.36
2.77111 1719.14
2.78111 1723.95
2.79112 1728.78
2.80112 1733.62
2.81112 1738.48
2.82113 1743.36
2.83113 1748.25
2.84114 1753.16
2.85114 1758.09
2.86114 1763.04
2.87115 1767.99
2.88115 1772.97
2.89116 1777.96
2.90116 1782.96
2.91116 1787.98
2.92117 1793.01
2.93117 1798.06
2.94118 1803.12
2.95118 1808.2
2.96118 1813.29
2.97119 1818.39
2.98119 1823.5
2.9912 1828.63
3.0012 1833.77
3.0112 1838.92
3.02121 1844.08
3.03121 1849.26
3.04122 1854.44
3.05122 1859.64
3.06122 1864.85
3.07123 1870.07
3.08123 1875.3
3.09124 1880.55
3.10124 1885.8
3.11124 1891.06
3.12125 1896.33
3.13125 1901.61
3.14126 1906.9
3.15126 1912.21
3.16126 1917.51
3.17127 1922.83
3.18127 1928.16
3.19128 1933.5
3.20128 1938.84
3.21128 1944.19
3.22129 1949.56
3.23129 1954.92
3.2413 1960.3
3.2513 1965.69
3.2613 1971.08
3.27131 1976.48
3.28131 1981.88
3.29132 1987.3
3.30132 1992.72
3.31132 1998.14
3.32133 2003.58
3.33133 2009.02
3.34134 2014.46
3.35134 2019.91
3.36134 2025.37
3.37135 2030.84
3.38135 2036.3
3.39136 2041.78
3.40136 2047.26
3.41136 2052.75
3.42137 2058.24
3.43137 2063.73
3.44138 2069.23
3.45138 2074.74
3.46138 2080.25
3.47139 2085.76
3.48139 2091.28
3.4914 2096.81
3.5014 2102.33
3.5114 2107.87
3.52141 2113.4
3.53141 2118.94
3.54142 2124.48
3.55142 2130.03
3.56142 2135.58
3.57143 2141.14
3.58143 2146.69
3.59144 2152.25
3.60144 2157.82
3.61144 2163.38
3.62145 2168.95
3.63145 2174.53
3.64146 2180.1
3.65146 2185.68
3.66146 2191.26
3.67147 2196.84
3.68147 2202.43
3.69148 2208.01
3.70148 2213.6
3.71148 2219.2
3.72149 2224.79
3.73149 2230.39
3.7415 2235.98
3.7515 2241.58
3.7615 2247.18
3.77151 2252.79
3.78151 2258.39
3.79152 2264
3.80152 2269.61
3.81152 2275.21
3.82153 2280.82
3.83153 2286.44
3.84154 2292.05
3.85154 2297.66
3.86154 2303.28
3.87155 2308.89
3.88155 2314.51
3.89156 2320.12
3.90156 2325.74
3.91156 2331.36
3.92157 2336.98
3.93157 2342.6
3.94158 2348.22
3.95158 2353.84
3.96158 2359.46
3.97159 2365.08
3.98159 2370.7
3.9916 2376.32
4.0016 2381.94
4.0116 2387.57
4.02161 2393.19
4.03161 2398.81
4.04162 2404.43
4.05162 2410.05
4.06162 2415.67
4.07163 2421.29
4.08163 2426.92
4.09164 2432.54
4.10164 2438.16
4.11164 2443.78
4.12165 2449.4
4.13165 2455.01
4.14166 2460.63
4.15166 2466.25
4.16166 2471.87
4.17167 2477.48
4.18167 2483.1
4.19168 2488.71
4.20168 2494.33
4.21168 2499.94
4.22169 2505.55
4.23169 2511.16
4.2417 2516.77
4.2517 2522.38
4.2617 2527.99
4.27171 2533.6
4.28171 2539.21
4.29172 2544.81
4.30172 2550.41
4.31172 2556.02
4.32173 2561.62
4.33173 2567.22
4.34174 2572.82
4.35174 2578.41
4.36174 2584.01
4.37175 2589.6
4.38175 2595.2
4.39176 2600.79
4.40176 2606.38
4.41176 2611.97
4.42177 2617.56
4.43177 2623.14
4.44178 2628.73
4.45178 2634.31
4.46178 2639.89
4.47179 2645.47
4.48179 2651.04
4.4918 2656.62
4.5018 2662.19
4.5118 2667.76
4.52181 2673.33
4.53181 2678.9
4.54182 2684.47
4.55182 2690.03
4.56182 2695.6
4.57183 2701.16
4.58183 2706.72
4.59184 2712.27
4.60184 2717.83
4.61184 2723.38
4.62185 2728.93
4.63185 2734.48
4.64186 2740.02
4.65186 2745.57
4.66186 2751.11
4.67187 2756.65
4.68187 2762.19
4.69188 2767.72
4.70188 2773.26
4.71188 2778.79
4.72189 2784.32
4.73189 2789.85
4.7419 2795.37
4.7519 2800.89
4.7619 2806.41
4.77191 2811.93
4.78191 2817.45
4.79192 2822.96
4.80192 2828.47
4.81192 2833.98
4.82193 2839.48
4.83193 2844.99
4.84194 2850.49
4.85194 2855.99
4.86194 2861.48
4.87195 2866.98
4.88195 2872.47
4.89196 2877.96
4.90196 2883.44
4.91196 2888.93
4.92197 2894.41
4.93197 2899.89
4.94198 2905.36
4.95198 2910.84
4.96198 2916.31
4.97199 2921.78
4.98199 2927.24
4.992 2932.7
5.002 2938.17
5.012 2943.62
5.02201 2949.08
5.03201 2954.53
5.04202 2959.98
5.05202 2965.43
5.06202 2970.87
5.07203 2976.32
5.08203 2981.76
5.09204 2987.19
5.10204 2992.63
5.11204 2998.06
5.12205 3003.49
5.13205 3008.91
5.14206 3014.34
5.15206 3019.76
5.16206 3025.18
5.17207 3030.59
5.18207 3036
5.19208 3041.41
5.20208 3046.82
5.21208 3052.22
5.22209 3057.62
5.23209 3063.02
5.2421 3068.42
5.2521 3073.81
5.2621 3079.2
5.27211 3084.59
5.28211 3089.97
5.29212 3095.35
5.30212 3100.73
5.31212 3106.11
5.32213 3111.48
5.33213 3116.85
5.34214 3122.22
5.35214 3127.59
5.36214 3132.95
5.37215 3138.31
5.38215 3143.66
5.39216 3149.02
5.40216 3154.37
5.41216 3159.71
5.42217 3165.06
5.43217 3170.4
5.44218 3175.74
5.45218 3181.08
5.46218 3186.41
5.47219 3191.74
5.48219 3197.07
5.4922 3202.39
5.5022 3207.71
5.5122 3213.03
5.52221 3218.35
5.53221 3223.66
5.54222 3228.97
5.55222 3234.28
5.56222 3239.58
5.57223 3244.88
5.58223 3250.18
5.59224 3255.48
5.60224 3260.77
5.61224 3266.06
5.62225 3271.35
5.63225 3276.63
5.64226 3281.91
5.65226 3287.19
5.66226 3292.46
5.67227 3297.74
5.68227 3303.01
5.69228 3308.27
5.70228 3313.54
5.71228 3318.8
5.72229 3324.06
5.73229 3329.31
5.7423 3334.56
5.7523 3339.81
5.7623 3345.06
5.77231 3350.3
5.78231 3355.54
5.79232 3360.78
5.80232 3366.01
5.81232 3371.24
5.82233 3376.47
5.83233 3381.7
5.84234 3386.92
5.85234 3392.14
5.86234 3397.36
5.87235 3402.57
5.88235 3407.78
5.89236 3412.99
5.90236 3418.2
5.91236 3423.4
5.92237 3428.6
5.93237 3433.8
5.94238 3438.99
5.95238 3444.18
5.96238 3449.37
5.97239 3454.55
5.98239 3459.74
5.9924 3464.91
6.0024 3470.09
6.0124 3475.26
6.02241 3480.43
6.03241 3485.6
6.04242 3490.77
6.05242 3495.93
6.06242 3501.09
6.07243 3506.24
6.08243 3511.4
6.09244 3516.55
6.10244 3521.7
6.11244 3526.84
6.12245 3531.98
6.13245 3537.12
6.14246 3542.26
6.15246 3547.39
6.16246 3552.52
6.17247 3557.65
6.18247 3562.77
6.19248 3567.9
6.20248 3573.01
6.21248 3578.13
6.22249 3583.24
6.23249 3588.35
6.2425 3593.46
6.2525 3598.57
6.26251 3603.67
6.27251 3608.77
6.28251 3613.86
6.29252 3618.96
6.30252 3624.05
6.31253 3629.14
6.32253 3634.22
6.33253 3639.3
6.34254 3644.38
6.35254 3649.46
6.36255 3654.53
6.37255 3659.6
6.38255 3664.67
6.39256 3669.74
6.40256 3674.8
6.41257 3679.86
6.42257 3684.92
6.43257 3689.97
6.44258 3695.02
6.45258 3700.07
6.46259 3705.12
6.47259 3710.16
6.48259 3715.2
6.4926 3720.24
6.5026 3725.27
6.51261 3730.31
6.52261 3735.34
6.53261 3740.36
6.54262 3745.39
6.55262 3750.41
6.56263 3755.43
6.57263 3760.44
6.58263 3765.46
6.59264 3770.47
6.60264 3775.47
6.61265 3780.48
6.62265 3785.48
6.63265 3790.48
6.64266 3795.48
6.65266 3800.47
6.66267 3805.46
6.67267 3810.45
6.68267 3815.44
6.69268 3820.42
6.70268 3825.4
6.71269 3830.38
6.72269 3835.36
6.73269 3840.33
6.7427 3845.3
6.7527 3850.27
6.76271 3855.23
6.77271 3860.19
6.78271 3865.15
6.79272 3870.11
6.80272 3875.06
6.81273 3880.01
6.82273 3884.96
6.83273 3889.91
6.84274 3894.85
6.85274 3899.79
6.86275 3904.73
6.87275 3909.67
6.88275 3914.6
6.89276 3919.53
6.90276 3924.46
6.91277 3929.39
6.92277 3934.31
6.93277 3939.23
6.94278 3944.15
6.95278 3949.06
6.96279 3953.97
6.97279 3958.88
6.98279 3963.79
6.9928 3968.7
7.0028 3973.6
7.01281 3978.5
7.02281 3983.4
7.03281 3988.29
7.04282 3993.18
7.05282 3998.07
7.06283 4002.96
7.07283 4007.84
7.08283 4012.73
7.09284 4017.61
7.10284 4022.48
7.11285 4027.36
7.12285 4032.23
7.13285 4037.1
7.14286 4041.97
7.15286 4046.83
7.16287 4051.69
7.17287 4056.55
7.18287 4061.41
7.19288 4066.27
7.20288 4071.12
7.21289 4075.97
7.22289 4080.82
7.23289 4085.66
7.2429 4090.5
7.2529 4095.34
7.26291 4100.18
7.27291 4105.02
7.28291 4109.85
7.29292 4114.68
7.30292 4119.51
7.31293 4124.33
7.32293 4129.16
7.33293 4133.98
7.34294 4138.8
7.35294 4143.61
7.36295 4148.43
7.37295 4153.24
7.38295 4158.05
7.39296 4162.85
7.40296 4167.66
7.41297 4172.46
7.42297 4177.26
7.43297 4182.06
7.44298 4186.85
7.45298 4191.64
7.46299 4196.43
7.47299 4201.22
7.48299 4206.01
7.493 4210.79
7.503 4215.57
7.51301 4220.35
7.52301 4225.12
7.53301 4229.9
7.54302 4234.67
7.55302 4239.44
7.56303 4244.21
7.57303 4248.97
7.58303 4253.73
7.59304 4258.49
7.60304 4263.25
7.61305 4268.01
7.62305 4272.76
7.63305 4277.51
7.64306 4282.26
7.65306 4287.01
7.66307 4291.75
7.67307 4296.49
7.68307 4301.23
7.69308 4305.97
7.70308 4310.71
7.71309 4315.44
7.72309 4320.17
7.73309 4324.9
7.7431 4329.63
7.7531 4334.35
7.76311 4339.07
7.77311 4343.79
7.78311 4348.51
7.79312 4353.23
7.80312 4357.94
7.81313 4362.65
7.82313 4367.36
7.83313 4372.07
7.84314 4376.77
7.85314 4381.47
7.86315 4386.17
7.87315 4390.87
7.88315 4395.57
7.89316 4400.26
7.90316 4404.95
7.91317 4409.64
7.92317 4414.33
7.93317 4419.02
7.94318 4423.7
7.95318 4428.38
7.96319 4433.06
7.97319 4437.74
7.98319 4442.41
7.9932 4447.09
8.0032 4451.76
8.01321 4456.43
8.02321 4461.09
8.03321 4465.76
8.04322 4470.42
8.05322 4475.08
8.06323 4479.74
8.07323 4484.4
8.08323 4489.05
8.09324 4493.7
8.10324 4498.35
8.11325 4503
8.12325 4507.65
8.13325 4512.29
8.14326 4516.93
8.15326 4521.57
8.16327 4526.21
8.17327 4530.85
8.18327 4535.48
8.19328 4540.11
8.20328 4544.75
8.21329 4549.37
8.22329 4554
8.23329 4558.62
8.2433 4563.25
8.2533 4567.87
8.26331 4572.48
8.27331 4577.1
8.28331 4581.72
8.29332 4586.33
8.30332 4590.94
8.31333 4595.55
8.32333 4600.15
8.33333 4604.76
8.34334 4609.36
8.35334 4613.96
8.36335 4618.56
8.37335 4623.16
8.38335 4627.75
8.39336 4632.35
8.40336 4636.94
8.41337 4641.53
8.42337 4646.11
8.43337 4650.7
8.44338 4655.28
8.45338 4659.87
8.46339 4664.45
8.47339 4669.02
8.48339 4673.6
8.4934 4678.17
8.5034 4682.75
8.51341 4687.32
8.52341 4691.89
8.53341 4696.45
8.54342 4701.02
8.55342 4705.58
8.56343 4710.14
8.57343 4714.7
8.58343 4719.26
8.59344 4723.82
8.60344 4728.37
8.61345 4732.92
8.62345 4737.47
8.63345 4742.02
8.64346 4746.57
8.65346 4751.11
8.66347 4755.66
8.67347 4760.2
8.68347 4764.74
8.69348 4769.28
8.70348 4773.81
8.71349 4778.35
8.72349 4782.88
8.73349 4787.41
8.7435 4791.94
8.7535 4796.47
8.76351 4800.99
8.77351 4805.52
8.78351 4810.04
8.79352 4814.56
8.80352 4819.08
8.81353 4823.6
8.82353 4828.11
8.83353 4832.63
8.84354 4837.14
8.85354 4841.65
8.86355 4846.16
8.87355 4850.66
8.88355 4855.17
8.89356 4859.67
8.90356 4864.17
8.91357 4868.67
8.92357 4873.17
8.93357 4877.67
8.94358 4882.16
8.95358 4886.66
8.96359 4891.15
8.97359 4895.64
8.98359 4900.13
8.9936 4904.61
9.0036 4909.1
9.01361 4913.58
9.02361 4918.06
9.03361 4922.54
9.04362 4927.02
9.05362 4931.5
9.06363 4935.98
9.07363 4940.45
9.08363 4944.92
9.09364 4949.39
9.10364 4953.86
9.11365 4958.33
9.12365 4962.79
9.13365 4967.26
9.14366 4971.72
9.15366 4976.18
9.16367 4980.64
9.17367 4985.1
9.18367 4989.55
9.19368 4994.01
9.20368 4998.46
9.21369 5002.91
9.22369 5007.36
9.23369 5011.81
9.2437 5016.26
9.2537 5020.7
9.26371 5025.15
9.27371 5029.59
9.28371 5034.03
9.29372 5038.47
9.30372 5042.91
9.31373 5047.34
9.32373 5051.78
9.33373 5056.21
9.34374 5060.64
9.35374 5065.07
9.36375 5069.5
9.37375 5073.93
9.38375 5078.35
9.39376 5082.78
9.40376 5087.2
9.41377 5091.62
9.42377 5096.04
9.43377 5100.46
9.44378 5104.88
9.45378 5109.29
9.46379 5113.7
9.47379 5118.12
9.48379 5122.53
9.4938 5126.94
9.5038 5131.34
9.51381 5135.75
9.52381 5140.16
9.53381 5144.56
9.54382 5148.96
9.55382 5153.36
9.56383 5157.76
9.57383 5162.16
9.58383 5166.56
9.59384 5170.95
9.60384 5175.34
9.61385 5179.74
9.62385 5184.13
9.63385 5188.52
9.64386 5192.9
9.65386 5197.29
9.66387 5201.68
9.67387 5206.06
9.68387 5210.44
9.69388 5214.82
9.70388 5219.2
9.71389 5223.58
9.72389 5227.96
9.73389 5232.33
9.7439 5236.71
9.7539 5241.08
9.76391 5245.45
9.77391 5249.82
9.78391 5254.19
9.79392 5258.56
9.80392 5262.92
9.81393 5267.29
9.82393 5271.65
9.83393 5276.01
9.84394 5280.37
9.85394 5284.73
9.86395 5289.09
9.87395 5293.45
9.88395 5297.8
9.89396 5302.16
9.90396 5306.51
9.91397 5310.86
9.92397 5315.21
9.93397 5319.56
9.94398 5323.91
9.95398 5328.25
9.96399 5332.6
9.97399 5336.94
9.98399 5341.29
9.994 5345.63
10.004 5349.97
10.014 5354.3
10.024 5358.64
10.034 5362.98
10.044 5367.31
10.054 5371.65
10.064 5375.98
10.074 5380.31
10.084 5384.64
10.094 5388.97
10.104 5393.3
10.114 5397.62
10.124 5401.95
10.1341 5406.27
10.1441 5410.59
10.1541 5414.91
10.1641 5419.23
10.1741 5423.55
10.1841 5427.87
10.1941 5432.19
10.2041 5436.5
10.2141 5440.82
10.2241 5445.13
10.2341 5449.44
10.2441 5453.75
10.2541 5458.06
10.2641 5462.37
10.2741 5466.67
10.2841 5470.98
10.2941 5475.28
10.3041 5479.59
10.3141 5483.89
10.3241 5488.19
10.3341 5492.49
10.3441 5496.79
10.3541 5501.08
10.3641 5505.38
10.3741 5509.68
10.3842 5513.97
10.3942 5518.26
10.4042 5522.55
10.4142 5526.84
10.4242 5531.13
10.4342 5535.42
10.4442 5539.71
10.4542 5544
10.4642 5548.28
10.4742 5552.56
10.4842 5556.85
10.4942 5561.13
10.5042 5565.41
10.5142 5569.69
10.5242 5573.97
10.5342 5578.24
10.5442 5582.52
10.5542 5586.79
10.5642 5591.07
10.5742 5595.34
10.5842 5599.61
10.5942 5603.88
10.6042 5608.15
10.6142 5612.42
10.6242 5616.69
10.6343 5620.95
10.6443 5625.22
10.6543 5629.48
10.6643 5633.74
10.6743 5638.01
10.6843 5642.27
10.6943 5646.53
10.7043 5650.78
10.7143 5655.04
10.7243 5659.3
10.7343 5663.55
10.7443 5667.81
10.7543 5672.06
10.7643 5676.31
10.7743 5680.57
10.7843 5684.82
10.7943 5689.06
10.8043 5693.31
10.8143 5697.56
10.8243 5701.81
10.8343 5706.05
10.8443 5710.3
10.8543 5714.54
10.8643 5718.78
10.8743 5723.02
10.8844 5727.26
10.8944 5731.5
10.9044 5735.74
10.9144 5739.98
10.9244 5744.21
10.9344 5748.45
10.9444 5752.68
10.9544 5756.92
10.9644 5761.15
10.9744 5765.38
10.9844 5769.61
10.9944 5773.84
11.0044 5778.07
11.0144 5782.29
11.0244 5786.52
11.0344 5790.75
11.0444 5794.97
11.0544 5799.19
11.0644 5803.42
11.0744 5807.64
11.0844 5811.86
11.0944 5816.08
11.1044 5820.3
11.1144 5824.51
11.1244 5828.73
11.1345 5832.95
11.1445 5837.16
11.1545 5841.38
11.1645 5845.59
11.1745 5849.8
11.1845 5854.01
11.1945 5858.22
11.2045 5862.43
11.2145 5866.64
11.2245 5870.85
11.2345 5875.05
11.2445 5879.26
11.2545 5883.46
11.2645 5887.67
11.2745 5891.87
11.2845 5896.07
11.2945 5900.27
11.3045 5904.47
11.3145 5908.67
11.3245 5912.87
11.3345 5917.07
11.3445 5921.27
11.3545 5925.46
11.3645 5929.66
11.3745 5933.85
11.3846 5938.05
11.3946 5942.24
11.4046 5946.43
11.4146 5950.62
11.4246 5954.81
11.4346 5959
11.4446 5963.19
11.4546 5967.37
11.4646 5971.56
11.4746 5975.75
11.4846 5979.93
11.4946 5984.11
11.5046 5988.3
11.5146 5992.48
11.5246 5996.66
11.5346 6000.84
11.5446 6005.02
11.5546 6009.2
11.5646 6013.38
11.5746 6017.55
11.5846 6021.73
11.5946 6025.91
11.6046 6030.08
11.6146 6034.25
11.6246 6038.43
11.6347 6042.6
11.6447 6046.77
11.6547 6050.94
11.6647 6055.11
11.6747 6059.28
11.6847 6063.45
11.6947 6067.62
11.7047 6071.78
11.7147 6075.95
11.7247 6080.11
11.7347 6084.28
11.7447 6088.44
11.7547 6092.6
11.7647 6096.76
11.7747 6100.93
11.7847 6105.09
11.7947 6109.25
11.8047 6113.4
11.8147 6117.56
11.8247 6121.72
11.8347 6125.88
11.8447 6130.03
11.8547 6134.19
11.8647 6138.34
11.8747 6142.49
11.8848 6146.65
11.8948 6150.8
11.9048 6154.95
11.9148 6159.1
11.9248 6163.25
11.9348 6167.4
11.9448 6171.55
11.9548 6175.69
11.9648 6179.84
11.9748 6183.98
11.9848 6188.13
11.9948 6192.27
12.0048 6196.42
12.0148 6200.56
12.0248 6204.7
12.0348 6208.84
12.0448 6212.99
12.0548 6217.13
12.0648 6221.26
12.0748 6225.4
12.0848 6229.54
12.0948 6233.68
12.1048 6237.81
12.1148 6241.95
12.1248 6246.08
12.1349 6250.22
12.1449 6254.35
12.1549 6258.49
12.1649 6262.62
12.1749 6266.75
12.1849 6270.88
12.1949 6275.01
12.2049 6279.14
12.2149 6283.27
12.2249 6287.4
12.2349 6291.52
12.2449 6295.65
12.2549 6299.78
12.2649 6303.9
12.2749 6308.03
12.2849 6312.15
12.2949 6316.27
12.3049 6320.4
12.3149 6324.52
12.3249 6328.64
12.3349 6332.76
12.3449 6336.88
12.3549 6341
12.3649 6345.12
12.3749 6349.24
12.385 6353.35
12.395 6357.47
12.405 6361.59
12.415 6365.7
12.425 6369.82
12.435 6373.93
12.445 6378.04
12.455 6382.16
12.465 6386.27
12.475 6390.38
12.485 6394.49
12.495 6398.6
12.505 6402.71
12.515 6406.82
12.525 6410.93
12.535 6415.04
12.545 6419.14
12.555 6423.25
12.565 6427.35
12.575 6431.46
12.585 6435.56
12.595 6439.67
12.605 6443.77
12.615 6447.87
12.6251 6451.98
12.6351 6456.08
12.6451 6460.18
12.6551 6464.28
12.6651 6468.38
12.6751 6472.48
12.6851 6476.58
12.6951 6480.67
12.7051 6484.77
12.7151 6488.87
12.7251 6492.96
12.7351 6497.06
12.7451 6501.16
12.7551 6505.25
12.7651 6509.34
12.7751 6513.44
12.7851 6517.53
12.7951 6521.62
12.8051 6525.71
12.8151 6529.8
12.8251 6533.89
12.8351 6537.98
12.8451 6542.07
12.8551 6546.16
12.8651 6550.25
12.8752 6554.34
12.8852 6558.42
12.8952 6562.51
12.9052 6566.6
12.9152 6570.68
12.9252 6574.77
12.9352 6578.85
12.9452 6582.93
12.9552 6587.02
12.9652 6591.1
12.9752 6595.18
12.9852 6599.26
12.9952 6603.34
13.0052 6607.42
13.0152 6611.5
13.0252 6615.58
13.0352 6619.66
13.0452 6623.74
13.0552 6627.82
13.0652 6631.89
13.0752 6635.97
13.0852 6640.05
13.0952 6644.12
13.1052 6648.2
13.1152 6652.27
13.1253 6656.34
13.1353 6660.42
13.1453 6664.49
13.1553 6668.56
13.1653 6672.63
13.1753 6676.71
13.1853 6680.78
13.1953 6684.85
13.2053 6688.92
13.2153 6692.99
13.2253 6697.05
13.2353 6701.12
13.2453 6705.19
13.2553 6709.26
13.2653 6713.32
13.2753 6717.39
13.2853 6721.46
13.2953 6725.52
13.3053 6729.59
13.3153 6733.65
13.3253 6737.71
13.3353 6741.78
13.3453 6745.84
13.3553 6749.9
13.3653 6753.96
13.3754 6758.03
13.3854 6762.09
13.3954 6766.15
13.4054 6770.21
13.4154 6774.27
13.4254 6778.32
13.4354 6782.38
13.4454 6786.44
13.4554 6790.5
13.4654 6794.55
13.4754 6798.61
13.4854 6802.67
13.4954 6806.72
13.5054 6810.78
13.5154 6814.83
13.5254 6818.89
13.5354 6822.94
13.5454 6826.99
13.5554 6831.05
13.5654 6835.1
13.5754 6839.15
13.5854 6843.2
13.5954 6847.25
13.6054 6851.3
13.6154 6855.35
13.6255 6859.4
13.6355 6863.45
13.6455 6867.5
13.6555 6871.55
13.6655 6875.6
13.6755 6879.64
13.6855 6883.69
13.6955 6887.74
13.7055 6891.78
13.7155 6895.83
13.7255 6899.87
13.7355 6903.92
13.7455 6907.96
13.7555 6912.01
13.7655 6916.05
13.7755 6920.09
13.7855 6924.14
13.7955 6928.18
13.8055 6932.22
13.8155 6936.26
13.8255 6940.3
13.8355 6944.34
13.8455 6948.38
13.8555 6952.42
13.8655 6956.46
13.8756 6960.5
13.8856 6964.54
13.8956 6968.58
13.9056 6972.61
13.9156 6976.65
13.9256 6980.69
13.9356 6984.72
13.9456 6988.76
13.9556 6992.8
13.9656 6996.83
13.9756 7000.87
13.9856 7004.9
13.9956 7008.93
14.0056 7012.97
14.0156 7017
14.0256 7021.03
14.0356 7025.07
14.0456 7029.1
14.0556 7033.13
14.0656 7037.16
14.0756 7041.19
14.0856 7045.22
14.0956 7049.25
14.1056 7053.28
14.1156 7057.31
14.1257 7061.34
14.1357 7065.37
14.1457 7069.4
14.1557 7073.42
14.1657 7077.45
14.1757 7081.48
14.1857 7085.51
14.1957 7089.53
14.2057 7093.56
14.2157 7097.58
14.2257 7101.61
14.2357 7105.63
14.2457 7109.66
14.2557 7113.68
14.2657 7117.7
14.2757 7121.73
14.2857 7125.75
14.2957 7129.77
14.3057 7133.8
14.3157 7137.82
14.3257 7141.84
14.3357 7145.86
14.3457 7149.88
14.3557 7153.9
14.3657 7157.92
14.3758 7161.94
14.3858 7165.96
14.3958 7169.98
14.4058 7174
14.4158 7178.02
14.4258 7182.03
14.4358 7186.05
14.4458 7190.07
14.4558 7194.09
14.4658 7198.1
14.4758 7202.12
14.4858 7206.13
14.4958 7210.15
14.5058 7214.17
14.5158 7218.18
14.5258 7222.19
14.5358 7226.21
14.5458 7230.22
14.5558 7234.24
14.5658 7238.25
14.5758 7242.26
14.5858 7246.27
14.5958 7250.29
14.6058 7254.3
14.6158 7258.31
14.6259 7262.32
14.6359 7266.33
14.6459 7270.34
14.6559 7274.35
14.6659 7278.36
14.6759 7282.37
14.6859 7286.38
14.6959 7290.39
14.7059 7294.4
14.7159 7298.41
14.7259 7302.42
14.7359 7306.42
14.7459 7310.43
14.7559 7314.44
14.7659 7318.45
14.7759 7322.45
14.7859 7326.46
14.7959 7330.46
14.8059 7334.47
14.8159 7338.48
14.8259 7342.48
14.8359 7346.49
14.8459 7350.49
14.8559 7354.49
14.8659 7358.5
14.876 7362.5
14.886 7366.5
14.896 7370.51
14.906 7374.51
14.916 7378.51
14.926 7382.51
14.936 7386.52
14.946 7390.52
14.956 7394.52
14.966 7398.52
14.976 7402.52
14.986 7406.52
14.996 7410.52
15.006 7414.52
15.016 7418.52
15.026 7422.52
15.036 7426.52
15.046 7430.52
15.056 7434.51
15.066 7438.51
15.076 7442.51
15.086 7446.51
15.096 7450.5
15.106 7454.5
15.116 7458.5
15.1261 7462.49
15.1361 7466.49
15.1461 7470.49
15.1561 7474.48
15.1661 7478.48
15.1761 7482.47
15.1861 7486.47
15.1961 7490.46
15.2061 7494.46
15.2161 7498.45
15.2261 7502.44
15.2361 7506.44
15.2461 7510.43
15.2561 7514.42
15.2661 7518.42
15.2761 7522.41
15.2861 7526.4
15.2961 7530.39
15.3061 7534.38
15.3161 7538.38
15.3261 7542.37
15.3361 7546.36
15.3461 7550.35
15.3561 7554.34
15.3661 7558.33
15.3762 7562.32
15.3862 7566.31
15.3962 7570.3
15.4062 7574.29
15.4162 7578.28
15.4262 7582.26
15.4362 7586.25
15.4462 7590.24
15.4562 7594.23
15.4662 7598.22
15.4762 7602.2
15.4862 7606.19
15.4962 7610.18
15.5062 7614.17
15.5162 7618.15
15.5262 7622.14
15.5362 7626.12
15.5462 7630.11
15.5562 7634.1
15.5662 7638.08
15.5762 7642.07
15.5862 7646.05
15.5962 7650.04
15.6062 7654.02
15.6162 7658
15.6263 7661.99
15.6363 7665.97
15.6463 7669.95
15.6563 7673.94
15.6663 7677.92
15.6763 7681.9
15.6863 7685.89
15.6963 7689.87
15.7063 7693.85
15.7163 7697.83
15.7263 7701.81
15.7363 7705.8
15.7463 7709.78
15.7563 7713.76
15.7663 7717.74
15.7763 7721.72
15.7863 7725.7
15.7963 7729.68
15.8063 7733.66
15.8163 7737.64
15.8263 7741.62
15.8363 7745.6
15.8463 7749.58
15.8563 7753.56
15.8663 7757.54
15.8764 7761.51
15.8864 7765.49
15.8964 7769.47
15.9064 7773.45
15.9164 7777.43
15.9264 7781.4
15.9364 7785.38
15.9464 7789.36
15.9564 7793.34
15.9664 7797.31
15.9764 7801.29
15.9864 7805.27
15.9964 7809.24
16.0064 7813.22
16.0164 7817.19
16.0264 7821.17
16.0364 7825.14
16.0464 7829.12
16.0564 7833.09
16.0664 7837.07
16.0764 7841.04
16.0864 7845.02
16.0964 7848.99
16.1064 7852.97
16.1164 7856.94
16.1265 7860.91
16.1365 7864.89
16.1465 7868.86
16.1565 7872.83
16.1665 7876.81
16.1765 7880.78
16.1865 7884.75
16.1965 7888.72
16.2065 7892.7
16.2165 7896.67
16.2265 7900.64
16.2365 7904.61
16.2465 7908.58
16.2565 7912.55
16.2665 7916.52
16.2765 7920.49
16.2865 7924.47
16.2965 7928.44
16.3065 7932.41
16.3165 7936.38
16.3265 7940.35
16.3365 7944.32
16.3465 7948.29
16.3565 7952.26
16.3665 7956.22
16.3766 7960.19
16.3866 7964.16
16.3966 7968.13
16.4066 7972.1
16.4166 7976.07
16.4266 7980.04
16.4366 7984.01
16.4466 7987.97
16.4566 7991.94
16.4666 7995.91
16.4766 7999.88
16.4866 8003.84
16.4966 8007.81
16.5066 8011.78
16.5166 8015.74
16.5266 8019.71
16.5366 8023.68
16.5466 8027.64
16.5566 8031.61
16.5666 8035.58
16.5766 8039.54
16.5866 8043.51
16.5966 8047.47
16.6066 8051.44
16.6166 8055.4
16.6267 8059.37
16.6367 8063.33
16.6467 8067.3
16.6567 8071.26
16.6667 8075.23
16.6767 8079.19
16.6867 8083.16
16.6967 8087.12
16.7067 8091.09
16.7167 8095.05
16.7267 8099.01
16.7367 8102.98
16.7467 8106.94
16.7567 8110.9
16.7667 8114.87
16.7767 8118.83
16.7867 8122.79
16.7967 8126.75
16.8067 8130.72
16.8167 8134.68
16.8267 8138.64
16.8367 8142.6
16.8467 8146.57
16.8567 8150.53
16.8667 8154.49
16.8768 8158.45
16.8868 8162.41
16.8968 8166.37
16.9068 8170.33
16.9168 8174.29
16.9268 8178.26
16.9368 8182.22
16.9468 8186.18
16.9568 8190.14
16.9668 8194.1
16.9768 8198.06
16.9868 8202.02
16.9968 8205.98
17.0068 8209.94
17.0168 8213.9
17.0268 8217.86
17.0368 8221.82
17.0468 8225.78
17.0568 8229.73
17.0668 8233.69
17.0768 8237.65
17.0868 8241.61
17.0968 8245.57
17.1068 8249.53
17.1168 8253.49
17.1269 8257.45
17.1369 8261.4
17.1469 8265.36
17.1569 8269.32
17.1669 8273.28
17.1769 8277.23
17.1869 8281.19
17.1969 8285.15
17.2069 8289.11
17.2169 8293.06
17.2269 8297.02
17.2369 8300.98
17.2469 8304.94
17.2569 8308.89
17.2669 8312.85
17.2769 8316.81
17.2869 8320.76
17.2969 8324.72
17.3069 8328.67
17.3169 8332.63
17.3269 8336.59
17.3369 8340.54
17.3469 8344.5
17.3569 8348.45
17.3669 8352.41
17.377 8356.36
17.387 8360.32
17.397 8364.27
17.407 8368.23
17.417 8372.18
17.427 8376.14
17.437 8380.09
17.447 8384.05
17.457 8388
17.467 8391.96
17.477 8395.91
17.487 8399.87
17.497 8403.82
17.507 8407.77
17.517 8411.73
17.527 8415.68
17.537 8419.64
17.547 8423.59
17.557 8427.54
17.567 8431.5
17.577 8435.45
17.587 8439.4
17.597 8443.36
17.607 8447.31
17.617 8451.26
17.6271 8455.22
17.6371 8459.17
17.6471 8463.12
17.6571 8467.07
17.6671 8471.03
17.6771 8474.98
17.6871 8478.93
17.6971 8482.88
17.7071 8486.84
17.7171 8490.79
17.7271 8494.74
17.7371 8498.69
17.7471 8502.64
17.7571 8506.59
17.7671 8510.55
17.7771 8514.5
17.7871 8518.45
17.7971 8522.4
17.8071 8526.35
17.8171 8530.3
17.8271 8534.25
17.8371 8538.2
17.8471 8542.16
17.8571 8546.11
17.8671 8550.06
17.8772 8554.01
17.8872 8557.96
17.8972 8561.91
17.9072 8565.86
17.9172 8569.81
17.9272 8573.76
17.9372 8577.71
17.9472 8581.66
17.9572 8585.61
17.9672 8589.56
17.9772 8593.51
17.9872 8597.46
17.9972 8601.41
18.0072 8605.36
18.0172 8609.31
18.0272 8613.26
18.0372 8617.21
18.0472 8621.16
18.0572 8625.11
18.0672 8629.05
18.0772 8633
18.0872 8636.95
18.0972 8640.9
18.1072 8644.85
18.1172 8648.8
18.1273 8652.75
18.1373 8656.7
18.1473 8660.64
18.1573 8664.59
18.1673 8668.54
18.1773 8672.49
18.1873 8676.44
18.1973 8680.39
18.2073 8684.33
18.2173 8688.28
18.2273 8692.23
18.2373 8696.18
18.2473 8700.13
18.2573 8704.07
18.2673 8708.02
18.2773 8711.97
18.2873 8715.92
18.2973 8719.86
18.3073 8723.81
18.3173 8727.76
18.3273 8731.71
18.3373 8735.65
18.3473 8739.6
18.3573 8743.55
18.3673 8747.5
18.3774 8751.44
18.3874 8755.39
18.3974 8759.34
18.4074 8763.28
18.4174 8767.23
18.4274 8771.18
18.4374 8775.12
18.4474 8779.07
18.4574 8783.02
18.4674 8786.96
18.4774 8790.91
18.4874 8794.86
18.4974 8798.8
18.5074 8802.75
18.5174 8806.7
18.5274 8810.64
18.5374 8814.59
18.5474 8818.53
18.5574 8822.48
18.5674 8826.43
18.5774 8830.37
18.5874 8834.32
18.5974 8838.26
18.6074 8842.21
18.6174 8846.15
18.6275 8850.1
18.6375 8854.05
18.6475 8857.99
18.6575 8861.94
18.6675 8865.88
18.6775 8869.83
18.6875 8873.77
18.6975 8877.72
18.7075 8881.66
18.7175 8885.61
18.7275 8889.55
18.7375 8893.5
18.7475 8897.44
18.7575 8901.39
18.7675 8905.33
18.7775 8909.28
18.7875 8913.22
18.7975 8917.17
18.8075 8921.11
18.8175 8925.06
18.8275 8929
18.8375 8932.95
18.8475 8936.89
18.8575 8940.84
18.8675 8944.78
18.8776 8948.73
18.8876 8952.67
18.8976 8956.61
18.9076 8960.56
18.9176 8964.5
18.9276 8968.45
18.9376 8972.39
18.9476 8976.34
18.9576 8980.28
18.9676 8984.22
18.9776 8988.17
18.9876 8992.11
18.9976 8996.06
19.0076 9000
19.0176 9003.94
19.0276 9007.89
19.0376 9011.83
19.0476 9015.78
19.0576 9019.72
19.0676 9023.66
19.0776 9027.61
19.0876 9031.55
19.0976 9035.49
19.1076 9039.44
19.1176 9043.38
19.1277 9047.32
19.1377 9051.27
19.1477 9055.21
19.1577 9059.15
19.1677 9063.1
19.1777 9067.04
19.1877 9070.99
19.1977 9074.93
19.2077 9078.87
19.2177 9082.81
19.2277 9086.76
19.2377 9090.7
19.2477 9094.64
19.2577 9098.59
19.2677 9102.53
19.2777 9106.47
19.2877 9110.42
19.2977 9114.36
19.3077 9118.3
19.3177 9122.25
19.3277 9126.19
19.3377 9130.13
19.3477 9134.07
19.3577 9138.02
19.3677 9141.96
19.3778 9145.9
19.3878 9149.85
19.3978 9153.79
19.4078 9157.73
19.4178 9161.67
19.4278 9165.62
19.4378 9169.56
19.4478 9173.5
19.4578 9177.44
19.4678 9181.39
19.4778 9185.33
19.4878 9189.27
19.4978 9193.21
19.5078 9197.16
19.5178 9201.1
19.5278 9205.04
19.5378 9208.98
19.5478 9212.93
19.5578 9216.87
19.5678 9220.81
19.5778 9224.75
19.5878 9228.7
19.5978 9232.64
19.6078 9236.58
19.6178 9240.52
19.6279 9244.47
19.6379 9248.41
19.6479 9252.35
19.6579 9256.29
19.6679 9260.23
19.6779 9264.18
19.6879 9268.12
19.6979 9272.06
19.7079 9276
19.7179 9279.95
19.7279 9283.89
19.7379 9287.83
19.7479 9291.77
19.7579 9295.71
19.7679 9299.66
19.7779 9303.6
19.7879 9307.54
19.7979 9311.48
19.8079 9315.42
19.8179 9319.37
19.8279 9323.31
19.8379 9327.25
19.8479 9331.19
19.8579 9335.13
19.8679 9339.08
19.878 9343.02
19.888 9346.96
19.898 9350.9
19.908 9354.84
19.918 9358.79
19.928 9362.73
19.938 9366.67
19.948 9370.61
19.958 9374.55
19.968 9378.49
19.978 9382.44
19.988 9386.38
19.998 9390.32
20.008 9394.26
20.018 9398.2
20.028 9402.15
20.038 9406.09
20.048 9410.03
20.058 9413.97
20.068 9417.91
20.078 9421.85
20.088 9425.8
20.098 9429.74
20.108 9433.68
20.118 9437.62
20.1281 9441.56
20.1381 9445.5
20.1481 9449.45
20.1581 9453.39
20.1681 9457.33
20.1781 9461.27
20.1881 9465.21
20.1981 9469.16
20.2081 9473.1
20.2181 9477.04
20.2281 9480.98
20.2381 9484.92
20.2481 9488.86
20.2581 9492.81
20.2681 9496.75
20.2781 9500.69
20.2881 9504.63
20.2981 9508.57
20.3081 9512.51
20.3181 9516.46
20.3281 9520.4
20.3381 9524.34
20.3481 9528.28
20.3581 9532.22
20.3681 9536.16
20.3782 9540.11
20.3882 9544.05
20.3982 9547.99
20.4082 9551.93
20.4182 9555.87
20.4282 9559.82
20.4382 9563.76
20.4482 9567.7
20.4582 9571.64
20.4682 9575.58
20.4782 9579.52
20.4882 9583.47
20.4982 9587.41
20.5082 9591.35
20.5182 9595.29
20.5282 9599.23
20.5382 9603.17
20.5482 9607.12
20.5582 9611.06
20.5682 9615
20.5782 9618.94
20.5882 9622.88
20.5982 9626.83
20.6082 9630.77
20.6182 9634.71
20.6283 9638.65
20.6383 9642.59
20.6483 9646.54
20.6583 9650.48
20.6683 9654.42
20.6783 9658.36
20.6883 9662.3
20.6983 9666.24
20.7083 9670.19
20.7183 9674.13
20.7283 9678.07
20.7383 9682.01
20.7483 9685.95
20.7583 9689.9
20.7683 9693.84
20.7783 9697.78
20.7883 9701.72
20.7983 9705.66
20.8083 9709.61
20.8183 9713.55
20.8283 9717.49
20.8383 9721.43
20.8483 9725.38
20.8583 9729.32
20.8683 9733.26
20.8784 9737.2
20.8884 9741.14
20.8984 9745.09
20.9084 9749.03
20.9184 9752.97
20.9284 9756.91
20.9384 9760.86
20.9484 9764.8
20.9584 9768.74
20.9684 9772.68
20.9784 9776.62
20.9884 9780.57
20.9984 9784.51
21.0084 9788.45
21.0184 9792.39
21.0284 9796.34
21.0384 9800.28
21.0484 9804.22
21.0584 9808.16
21.0684 9812.11
21.0784 9816.05
21.0884 9819.99
21.0984 9823.93
21.1084 9827.88
21.1184 9831.82
21.1285 9835.76
21.1385 9839.7
21.1485 9843.65
21.1585 9847.59
21.1685 9851.53
21.1785 9855.47
21.1885 9859.42
21.1985 9863.36
21.2085 9867.3
21.2185 9871.24
21.2285 9875.19
21.2385 9879.13
21.2485 9883.07
21.2585 9887.02
21.2685 9890.96
21.2785 9894.9
21.2885 9898.84
21.2985 9902.79
21.3085 9906.73
21.3185 9910.67
21.3285 9914.62
21.3385 9918.56
21.3485 9922.5
21.3585 9926.45
21.3685 9930.39
21.3786 9934.33
21.3886 9938.28
21.3986 9942.22
21.4086 9946.16
21.4186 9950.1
21.4286 9954.05
21.4386 9957.99
21.4486 9961.93
21.4586 9965.88
21.4686 9969.82
21.4786 9973.76
21.4886 9977.71
21.4986 9981.65
21.5086 9985.59
21.5186 9989.54
21.5286 9993.48
21.5386 9997.43
21.5486 10001.4
21.5586 10005.3
21.5686 10009.3
21.5786 10013.2
21.5886 10017.1
21.5986 10021.1
21.6086 10025
21.6186 10029
21.6287 10032.9
21.6387 10036.9
21.6487 10040.8
21.6587 10044.7
21.6687 10048.7
21.6787 10052.6
21.6887 10056.6
21.6987 10060.5
21.7087 10064.5
21.7187 10068.4
21.7287 10072.4
21.7387 10076.3
21.7487 10080.2
21.7587 10084.2
21.7687 10088.1
21.7787 10092.1
21.7887 10096
21.7987 10100
21.8087 10103.9
21.8187 10107.9
21.8287 10111.8
21.8387 10115.7
21.8487 10119.7
21.8587 10123.6
21.8687 10127.6
21.8788 10131.5
21.8888 10135.5
21.8988 10139.4
21.9088 10143.4
21.9188 10147.3
21.9288 10151.2
21.9388 10155.2
21.9488 10159.1
21.9588 10163.1
21.9688 10167
21.9788 10171
21.9888 10174.9
21.9988 10178.9
22.0088 10182.8
22.0188 10186.7
22.0288 10190.7
22.0388 10194.6
22.0488 10198.6
22.0588 10202.5
22.0688 10206.5
22.0788 10210.4
22.0888 10214.4
22.0988 10218.3
22.1088 10222.3
22.1188 10226.2
22.1289 10230.1
22.1389 10234.1
22.1489 10238
22.1589 10242
22.1689 10245.9
22.1789 10249.9
22.1889 10253.8
22.1989 10257.8
22.2089 10261.7
22.2189 10265.7
22.2289 10269.6
22.2389 10273.5
22.2489 10277.5
22.2589 10281.4
22.2689 10285.4
22.2789 10289.3
22.2889 10293.3
22.2989 10297.2
22.3089 10301.2
22.3189 10305.1
22.3289 10309.1
22.3389 10313
22.3489 10317
22.3589 10320.9
22.3689 10324.8
22.379 10328.8
22.389 10332.7
22.399 10336.7
22.409 10340.6
22.419 10344.6
22.429 10348.5
22.439 10352.5
22.449 10356.4
22.459 10360.4
22.469 10364.3
22.479 10368.3
22.489 10372.2
22.499 10376.2
22.509 10380.1
22.519 10384
22.529 10388
22.539 10391.9
22.549 10395.9
22.559 10399.8
22.569 10403.8
22.579 10407.7
22.589 10411.7
22.599 10415.6
22.609 10419.6
22.619 10423.5
22.6291 10427.5
22.6391 10431.4
22.6491 10435.4
22.6591 10439.3
22.6691 10443.3
22.6791 10447.2
22.6891 10451.2
22.6991 10455.1
22.7091 10459
22.7191 10463
22.7291 10466.9
22.7391 10470.9
22.7491 10474.8
22.7591 10478.8
22.7691 10482.7
22.7791 10486.7
22.7891 10490.6
22.7991 10494.6
22.8091 10498.5
22.8191 10502.5
22.8291 10506.4
22.8391 10510.4
22.8491 10514.3
22.8591 10518.3
22.8691 10522.2
22.8792 10526.2
22.8892 10530.1
22.8992 10534.1
22.9092 10538
22.9192 10542
22.9292 10545.9
22.9392 10549.9
22.9492 10553.8
22.9592 10557.8
22.9692 10561.7
22.9792 10565.7
22.9892 10569.6
22.9992 10573.6
23.0092 10577.5
23.0192 10581.4
23.0292 10585.4
23.0392 10589.3
23.0492 10593.3
23.0592 10597.2
23.0692 10601.2
23.0792 10605.1
23.0892 10609.1
23.0992 10613
23.1092 10617
23.1192 10620.9
23.1293 10624.9
23.1393 10628.8
23.1493 10632.8
23.1593 10636.7
23.1693 10640.7
23.1793 10644.6
23.1893 10648.6
23.1993 10652.5
23.2093 10656.5
23.2193 10660.4
23.2293 10664.4
23.2393 10668.3
23.2493 10672.3
23.2593 10676.2
23.2693 10680.2
23.2793 10684.1
23.2893 10688.1
23.2993 10692
23.3093 10696
23.3193 10699.9
23.3293 10703.9
23.3393 10707.8
23.3493 10711.8
23.3593 10715.8
23.3693 10719.7
23.3794 10723.7
23.3894 10727.6
23.3994 10731.6
23.4094 10735.5
23.4194 10739.5
23.4294 10743.4
23.4394 10747.4
23.4494 10751.3
23.4594 10755.3
23.4694 10759.2
23.4794 10763.2
23.4894 10767.1
23.4994 10771.1
23.5094 10775
23.5194 10779
23.5294 10782.9
23.5394 10786.9
23.5494 10790.8
23.5594 10794.8
23.5694 10798.7
23.5794 10802.7
23.5894 10806.6
23.5994 10810.6
23.6094 10814.5
23.6194 10818.5
23.6295 10822.4
23.6395 10826.4
23.6495 10830.4
23.6595 10834.3
23.6695 10838.3
23.6795 10842.2
23.6895 10846.2
23.6995 10850.1
23.7095 10854.1
23.7195 10858
23.7295 10862
23.7395 10865.9
23.7495 10869.9
23.7595 10873.8
23.7695 10877.8
23.7795 10881.7
23.7895 10885.7
23.7995 10889.6
23.8095 10893.6
23.8195 10897.6
23.8295 10901.5
23.8395 10905.5
23.8495 10909.4
23.8595 10913.4
23.8695 10917.3
23.8796 10921.3
23.8896 10925.2
23.8996 10929.2
23.9096 10933.1
23.9196 10937.1
23.9296 10941
23.9396 10945
23.9496 10949
23.9596 10952.9
23.9696 10956.9
23.9796 10960.8
23.9896 10964.8
23.9996 10968.7
24.0096 10972.7
24.0196 10976.6
24.0296 10980.6
24.0396 10984.5
24.0496 10988.5
24.0596 10992.5
24.0696 10996.4
24.0796 11000.4
24.0896 11004.3
24.0996 11008.3
24.1096 11012.2
24.1196 11016.2
24.1297 11020.1
24.1397 11024.1
24.1497 11028
24.1597 11032
24.1697 11036
24.1797 11039.9
24.1897 11043.9
24.1997 11047.8
24.2097 11051.8
24.2197 11055.7
24.2297 11059.7
24.2397 11063.6
24.2497 11067.6
24.2597 11071.6
24.2697 11075.5
24.2797 11079.5
24.2897 11083.4
24.2997 11087.4
24.3097 11091.3
24.3197 11095.3
24.3297 11099.3
24.3397 11103.2
24.3497 11107.2
24.3597 11111.1
24.3697 11115.1
24.3798 11119
24.3898 11123
24.3998 11127
24.4098 11130.9
24.4198 11134.9
24.4298 11138.8
24.4398 11142.8
24.4498 11146.7
24.4598 11150.7
24.4698 11154.7
24.4798 11158.6
24.4898 11162.6
24.4998 11166.5
24.5098 11170.5
24.5198 11174.4
24.5298 11178.4
24.5398 11182.4
24.5498 11186.3
24.5598 11190.3
24.5698 11194.2
24.5798 11198.2
24.5898 11202.1
24.5998 11206.1
24.6098 11210.1
24.6198 11214
24.6299 11218
24.6399 11221.9
24.6499 11225.9
24.6599 11229.9
24.6699 11233.8
24.6799 11237.8
24.6899 11241.7
24.6999 11245.7
24.7099 11249.6
24.7199 11253.6
24.7299 11257.6
24.7399 11261.5
24.7499 11265.5
24.7599 11269.4
24.7699 11273.4
24.7799 11277.4
24.7899 11281.3
24.7999 11285.3
24.8099 11289.2
24.8199 11293.2
24.8299 11297.2
24.8399 11301.1
24.8499 11305.1
24.8599 11309
24.8699 11313
24.88 11317
24.89 11320.9
24.9 11324.9
24.91 11328.8
24.92 11332.8
24.93 11336.8
24.94 11340.7
24.95 11344.7
24.96 11348.6
24.97 11352.6
24.98 11356.6
24.99 11360.5
25 11364.5
