0.0300125 -1.00585e+06
0.0300375 -1.00202e+06
0.0300625 -998199
0.0300875 -994387
0.0301125 -990585
0.0301375 -986793
0.0301625 -983010
0.0301875 -979236
0.0302125 -975472
0.0302375 -971718
0.0302625 -967972
0.0302875 -964236
0.0303125 -960509
0.0303375 -956791
0.0303625 -953083
0.0303875 -949384
0.0304125 -945693
0.0304375 -942012
0.0304625 -938341
0.0304875 -934678
0.0305125 -931024
0.0305375 -927379
0.0305625 -923743
0.0305875 -920116
0.0306125 -916498
0.0306375 -912889
0.0306625 -909289
0.0306875 -905698
0.0307125 -902115
0.0307375 -898541
0.0307625 -894976
0.0307875 -891419
0.0308125 -887872
0.0308375 -884333
0.0308625 -880802
0.0308875 -877280
0.0309125 -873767
0.0309375 -870262
0.0309625 -866766
0.0309875 -863278
0.0310125 -859799
0.0310375 -856328
0.0310625 -852866
0.0310875 -849411
0.0311125 -845966
0.0311375 -842528
0.0311625 -839099
0.0311875 -835678
0.0312125 -832266
0.0312375 -828861
0.0312625 -825465
0.0312875 -822077
0.0313125 -818697
0.0313375 -815325
0.0313625 -811962
0.0313875 -808606
0.0314125 -805259
0.0314375 -801919
0.0314625 -798587
0.0314875 -795264
0.0315125 -791948
0.0315375 -788640
0.0315625 -785340
0.0315875 -782048
0.0316125 -778764
0.0316375 -775487
0.0316625 -772219
0.0316875 -768958
0.0317125 -765705
0.0317375 -762459
0.0317625 -759221
0.0317875 -755991
0.0318125 -752769
0.0318375 -749554
0.0318625 -746347
0.0318875 -743147
0.0319125 -739955
0.0319375 -736770
0.0319625 -733593
0.0319875 -730423
0.0320125 -727261
0.0320375 -724106
0.0320625 -720959
0.0320875 -717819
0.0321125 -714686
0.0321375 -711561
0.0321625 -708443
0.0321875 -705332
0.0322125 -702229
0.0322375 -699132
0.0322625 -696043
0.0322875 -692961
0.0323125 -689887
0.0323375 -686819
0.0323625 -683759
0.0323875 -680706
0.0324125 -677659
0.0324375 -674620
0.0324625 -671588
0.0324875 -668563
0.0325125 -665545
0.0325375 -662534
0.0325625 -659530
0.0325875 -656532
0.0326125 -653542
0.0326375 -650559
0.0326625 -647582
0.0326875 -644612
0.0327125 -641650
0.0327375 -638693
0.0327625 -635744
0.0327875 -632802
0.0328125 -629866
0.0328375 -626937
0.0328625 -624015
0.0328875 -621099
0.0329125 -618190
0.0329375 -615287
0.0329625 -612392
0.0329875 -609503
0.0330125 -606620
0.0330375 -603744
0.0330625 -600875
0.0330875 -598012
0.0331125 -595155
0.0331375 -592305
0.0331625 -589462
0.0331875 -586625
0.0332125 -583794
0.0332375 -580970
0.0332625 -578152
0.0332875 -575341
0.0333125 -572535
0.0333375 -569737
0.0333625 -566944
0.0333875 -564158
0.0334125 -561378
0.0334375 -558604
0.0334625 -555837
0.0334875 -553076
0.0335125 -550321
0.0335375 -547572
0.0335625 -544829
0.0335875 -542093
0.0336125 -539362
0.0336375 -536638
0.0336625 -533920
0.0336875 -531207
0.0337125 -528501
0.0337375 -525801
0.0337625 -523107
0.0337875 -520419
0.0338125 -517737
0.0338375 -515061
0.0338625 -512390
0.0338875 -509726
0.0339125 -507068
0.0339375 -504415
0.0339625 -501769
0.0339875 -499128
0.0340125 -496493
0.0340375 -493864
0.0340625 -491241
0.0340875 -488623
0.0341125 -486011
0.0341375 -483405
0.0341625 -480805
0.0341875 -478211
0.0342125 -475622
0.0342375 -473039
0.0342625 -470461
0.0342875 -467889
0.0343125 -465323
0.0343375 -462763
0.0343625 -460208
0.0343875 -457658
0.0344125 -455115
0.0344375 -452576
0.0344625 -450044
0.0344875 -447516
0.0345125 -444995
0.0345375 -442479
0.0345625 -439968
0.0345875 -437463
0.0346125 -434963
0.0346375 -432468
0.0346625 -429979
0.0346875 -427496
0.0347125 -425018
0.0347375 -422545
0.0347625 -420077
0.0347875 -417615
0.0348125 -415158
0.0348375 -412707
0.0348625 -410260
0.0348875 -407819
0.0349125 -405384
0.0349375 -402953
0.0349625 -400528
0.0349875 -398108
0.0350125 -395693
0.0350375 -393283
0.0350625 -390879
0.0350875 -388480
0.0351125 -386085
0.0351375 -383696
0.0351625 -381312
0.0351875 -378933
0.0352125 -376560
0.0352375 -374191
0.0352625 -371827
0.0352875 -369469
0.0353125 -367115
0.0353375 -364766
0.0353625 -362423
0.0353875 -360084
0.0354125 -357750
0.0354375 -355422
0.0354625 -353098
0.0354875 -350779
0.0355125 -348465
0.0355375 -346156
0.0355625 -343852
0.0355875 -341552
0.0356125 -339258
0.0356375 -336968
0.0356625 -334684
0.0356875 -332404
0.0357125 -330128
0.0357375 -327858
0.0357625 -325592
0.0357875 -323331
0.0358125 -321075
0.0358375 -318824
0.0358625 -316577
0.0358875 -314335
0.0359125 -312098
0.0359375 -309866
0.0359625 -307638
0.0359875 -305414
0.0360125 -303196
0.0360375 -300982
0.0360625 -298772
0.0360875 -296568
0.0361125 -294367
0.0361375 -292172
0.0361625 -289981
0.0361875 -287794
0.0362125 -285612
0.0362375 -283435
0.0362625 -281262
0.0362875 -279094
0.0363125 -276930
0.0363375 -274770
0.0363625 -272615
0.0363875 -270465
0.0364125 -268319
0.0364375 -266177
0.0364625 -264040
0.0364875 -261907
0.0365125 -259778
0.0365375 -257654
0.0365625 -255535
0.0365875 -253419
0.0366125 -251308
0.0366375 -249202
0.0366625 -247099
0.0366875 -245001
0.0367125 -242908
0.0367375 -240818
0.0367625 -238733
0.0367875 -236652
0.0368125 -234575
0.0368375 -232503
0.0368625 -230435
0.0368875 -228371
0.0369125 -226311
0.0369375 -224255
0.0369625 -222204
0.0369875 -220157
0.0370125 -218114
0.0370375 -216075
0.0370625 -214040
0.0370875 -212009
0.0371125 -209983
0.0371375 -207960
0.0371625 -205942
0.0371875 -203927
0.0372125 -201917
0.0372375 -199911
0.0372625 -197909
0.0372875 -195911
0.0373125 -193917
0.0373375 -191927
0.0373625 -189941
0.0373875 -187959
0.0374125 -185981
0.0374375 -184007
0.0374625 -182036
0.0374875 -180070
0.0375125 -178108
0.0375375 -176150
0.0375625 -174195
0.0375875 -172245
0.0376125 -170298
0.0376375 -168356
0.0376625 -166417
0.0376875 -164482
0.0377125 -162551
0.0377375 -160623
0.0377625 -158700
0.0377875 -156780
0.0378125 -154865
0.0378375 -152953
0.0378625 -151045
0.0378875 -149140
0.0379125 -147240
0.0379375 -145343
0.0379625 -143450
0.0379875 -141560
0.0380125 -139675
0.0380375 -137793
0.0380625 -135915
0.0380875 -134040
0.0381125 -132170
0.0381375 -130302
0.0381625 -128439
0.0381875 -126579
0.0382125 -124723
0.0382375 -122871
0.0382625 -121022
0.0382875 -119177
0.0383125 -117335
0.0383375 -115498
0.0383625 -113663
0.0383875 -111833
0.0384125 -110005
0.0384375 -108182
0.0384625 -106362
0.0384875 -104545
0.0385125 -102733
0.0385375 -100923
0.0385625 -99117.3
0.0385875 -97315
0.0386125 -95516.2
0.0386375 -93720.9
0.0386625 -91929.1
0.0386875 -90140.7
0.0387125 -88355.9
0.0387375 -86574.5
0.0387625 -84796.5
0.0387875 -83022
0.0388125 -81251
0.0388375 -79483.3
0.0388625 -77719.1
0.0388875 -75958.3
0.0389125 -74200.9
0.0389375 -72446.9
0.0389625 -70696.3
0.0389875 -68949
0.0390125 -67205.1
0.0390375 -65464.6
0.0390625 -63727.4
0.0390875 -61993.6
0.0391125 -60263.1
0.0391375 -58535.9
0.0391625 -56812
0.0391875 -55091.5
0.0392125 -53374.2
0.0392375 -51660.2
0.0392625 -49949.5
0.0392875 -48242.1
0.0393125 -46538
0.0393375 -44837.1
0.0393625 -43139.4
0.0393875 -41445
0.0394125 -39753.8
0.0394375 -38065.9
0.0394625 -36381.1
0.0394875 -34699.6
0.0395125 -33021.2
0.0395375 -31346.1
0.0395625 -29674.1
0.0395875 -28005.3
0.0396125 -26339.7
0.0396375 -24677.3
0.0396625 -23018
0.0396875 -21361.8
0.0397125 -19708.7
0.0397375 -18058.8
0.0397625 -16412
0.0397875 -14768.4
0.0398125 -13127.8
0.0398375 -11490.3
0.0398625 -9855.93
0.0398875 -8224.61
0.0399125 -6596.37
0.0399375 -4971.19
0.0399625 -3349.08
