0 739862
0.010004 737210
0.020008 734569
0.030012 731939
0.040016 729319
0.05002 726711
0.060024 724113
0.070028 721525
0.080032 718949
0.090036 716383
0.10004 713827
0.110044 711282
0.120048 708747
0.130052 706222
0.140056 703708
0.15006 701204
0.160064 698710
0.170068 696227
0.180072 693753
0.190076 691289
0.20008 688835
0.210084 686392
0.220088 683958
0.230092 681534
0.240096 679119
0.2501 676714
0.260104 674319
0.270108 671934
0.280112 669558
0.290116 667192
0.30012 664835
0.310124 662487
0.320128 660149
0.330132 657820
0.340136 655501
0.35014 653190
0.360144 650889
0.370148 648597
0.380152 646314
0.390156 644040
0.40016 641776
0.410164 639520
0.420168 637273
0.430172 635034
0.440176 632805
0.45018 630584
0.460184 628373
0.470188 626169
0.480192 623975
0.490196 621789
0.5002 619612
0.510204 617443
0.520208 615282
0.530212 613130
0.540216 610987
0.55022 608852
0.560224 606725
0.570228 604606
0.580232 602496
0.590236 600394
0.60024 598300
0.610244 596214
0.620248 594136
0.630252 592066
0.640256 590004
0.65026 587951
0.660264 585905
0.670268 583867
0.680272 581837
0.690276 579814
0.70028 577800
0.710284 575793
0.720288 573794
0.730292 571802
0.740296 569818
0.7503 567842
0.760304 565873
0.770308 563912
0.780312 561958
0.790316 560012
0.80032 558073
0.810324 556141
0.820328 554217
0.830332 552300
0.840336 550391
0.85034 548488
0.860344 546593
0.870348 544705
0.880352 542824
0.890356 540951
0.90036 539084
0.910364 537224
0.920368 535372
0.930372 533526
0.940376 531687
0.95038 529856
0.960384 528031
0.970388 526213
0.980392 524401
0.990396 522597
1.0004 520799
1.0104 519008
1.02041 517224
1.03041 515446
1.04042 513675
1.05042 511911
1.06042 510153
1.07043 508402
1.08043 506657
1.09044 504919
1.10044 503187
1.11044 501461
1.12045 499742
1.13045 498030
1.14046 496324
1.15046 494624
1.16046 492930
1.17047 491242
1.18047 489561
1.19048 487886
1.20048 486217
1.21048 484554
1.22049 482898
1.23049 481247
1.2405 479603
1.2505 477964
1.2605 476332
1.27051 474705
1.28051 473085
1.29052 471470
1.30052 469862
1.31052 468259
1.32053 466662
1.33053 465071
1.34054 463486
1.35054 461906
1.36054 460332
1.37055 458764
1.38055 457202
1.39056 455645
1.40056 454094
1.41056 452549
1.42057 451009
1.43057 449474
1.44058 447946
1.45058 446423
1.46058 444905
1.47059 443393
1.48059 441886
1.4906 440385
1.5006 438889
1.5106 437398
1.52061 435913
1.53061 434433
1.54062 432959
1.55062 431490
1.56062 430026
1.57063 428567
1.58063 427113
1.59064 425665
1.60064 424222
1.61064 422784
1.62065 421351
1.63065 419924
1.64066 418501
1.65066 417084
1.66066 415671
1.67067 414264
1.68067 412862
1.69068 411464
1.70068 410072
1.71068 408684
1.72069 407302
1.73069 405924
1.7407 404551
1.7507 403183
1.7607 401820
1.77071 400462
1.78071 399108
1.79072 397760
1.80072 396416
1.81072 395077
1.82073 393742
1.83073 392413
1.84074 391088
1.85074 389767
1.86074 388451
1.87075 387140
1.88075 385834
1.89076 384532
1.90076 383235
1.91076 381942
1.92077 380653
1.93077 379716
1.94078 378883
1.95078 378052
1.96078 377223
1.97079 376395
1.98079 375569
1.9908 374744
2.0008 373921
2.0108 373100
2.02081 372281
2.03081 371463
2.04082 370647
2.05082 369833
2.06082 369021
2.07083 368210
2.08083 367401
2.09084 366593
2.10084 365787
2.11084 364983
2.12085 364181
2.13085 363380
2.14086 362581
2.15086 361783
2.16086 360987
2.17087 360193
2.18087 359400
2.19088 358609
2.20088 357820
2.21088 357032
2.22089 356246
2.23089 355462
2.2409 354679
2.2509 353898
2.2609 353119
2.27091 352341
2.28091 351565
2.29092 350790
2.30092 350017
2.31092 349245
2.32093 348476
2.33093 347707
2.34094 346941
2.35094 346176
2.36094 345412
2.37095 344650
2.38095 343890
2.39096 343131
2.40096 342374
2.41096 341619
2.42097 340865
2.43097 340112
2.44098 339361
2.45098 338612
2.46098 337864
2.47099 337118
2.48099 336374
2.491 335631
2.501 334889
2.511 334149
2.52101 333411
2.53101 332674
2.54102 331939
2.55102 331205
2.56102 330473
2.57103 329742
2.58103 329013
2.59104 328285
2.60104 327559
2.61104 326834
2.62105 326111
2.63105 325389
2.64106 324669
2.65106 323951
2.66106 323233
2.67107 322518
2.68107 321804
2.69108 321091
2.70108 320380
2.71108 319670
2.72109 318962
2.73109 318255
2.7411 317550
2.7511 316846
2.7611 316144
2.77111 315443
2.78111 314744
2.79112 314046
2.80112 313350
2.81112 312655
2.82113 311961
2.83113 311269
2.84114 310579
2.85114 309889
2.86114 309202
2.87115 308515
2.88115 307831
2.89116 307147
2.90116 306465
2.91116 305785
2.92117 305106
2.93117 304428
2.94118 303752
2.95118 303077
2.96118 302404
2.97119 301732
2.98119 301061
2.9912 300392
3.0012 299724
3.0112 299058
3.02121 298393
3.03121 297729
3.04122 297067
3.05122 296406
3.06122 295747
3.07123 295089
3.08123 294432
3.09124 293777
3.10124 293123
3.11124 292470
3.12125 291819
3.13125 291170
3.14126 290521
3.15126 289874
3.16126 289229
3.17127 288584
3.18127 287941
3.19128 287300
3.20128 286659
3.21128 286021
3.22129 285383
3.23129 284747
3.2413 284112
3.2513 283479
3.2613 282846
3.27131 282216
3.28131 281586
3.29132 280958
3.30132 280331
3.31132 279705
3.32133 279081
3.33133 278458
3.34134 277837
3.35134 277216
3.36134 276598
3.37135 275980
3.38135 275364
3.39136 274748
3.40136 274135
3.41136 273522
3.42137 272911
3.43137 272301
3.44138 271693
3.45138 271085
3.46138 270479
3.47139 269875
3.48139 269271
3.4914 268669
3.5014 268068
3.5114 267469
3.52141 266870
3.53141 266273
3.54142 265677
3.55142 265083
3.56142 264490
3.57143 263898
3.58143 263307
3.59144 262717
3.60144 262129
3.61144 261542
3.62145 260956
3.63145 260372
3.64146 259788
3.65146 259206
3.66146 258626
3.67147 258046
3.68147 257468
3.69148 256890
3.70148 256315
3.71148 255740
3.72149 255166
3.73149 254594
3.7415 254023
3.7515 253453
3.7615 252885
3.77151 252317
3.78151 251751
3.79152 251186
3.80152 250622
3.81152 250060
3.82153 249499
3.83153 248938
3.84154 248379
3.85154 247822
3.86154 247265
3.87155 246710
3.88155 246155
3.89156 245602
3.90156 245050
3.91156 244500
3.92157 243950
3.93157 243402
3.94158 242855
3.95158 242309
3.96158 241764
3.97159 241220
3.98159 240677
3.9916 240136
4.0016 239596
4.0116 239057
4.02161 238519
4.03161 237982
4.04162 237446
4.05162 236912
4.06162 236379
4.07163 235846
4.08163 235315
4.09164 234785
4.10164 234257
4.11164 233729
4.12165 233202
4.13165 232677
4.14166 232153
4.15166 231630
4.16166 231108
4.17167 230587
4.18167 230067
4.19168 229548
4.20168 229031
4.21168 228514
4.22169 227999
4.23169 227484
4.2417 226971
4.2517 226459
4.2617 225948
4.27171 225438
4.28171 224930
4.29172 224422
4.30172 223915
4.31172 223410
4.32173 222905
4.33173 222402
4.34174 221900
4.35174 221399
4.36174 220898
4.37175 220399
4.38175 219901
4.39176 219405
4.40176 218909
4.41176 218414
4.42177 217920
4.43177 217428
4.44178 216936
4.45178 216445
4.46178 215956
4.47179 215468
4.48179 214980
4.4918 214494
4.5018 214009
4.5118 213524
4.52181 213041
4.53181 212559
4.54182 212078
4.55182 211598
4.56182 211119
4.57183 210641
4.58183 210164
4.59184 209688
4.60184 209213
4.61184 208739
4.62185 208266
4.63185 207794
4.64186 207323
4.65186 206854
4.66186 206385
4.67187 205917
4.68187 205450
4.69188 204984
4.70188 204520
4.71188 204056
4.72189 203593
4.73189 203131
4.7419 202671
4.7519 202211
4.7619 201752
4.77191 201294
4.78191 200837
4.79192 200382
4.80192 199927
4.81192 199473
4.82193 199020
4.83193 198568
4.84194 198117
4.85194 197667
4.86194 197218
4.87195 196770
4.88195 196323
4.89196 195877
4.90196 195432
4.91196 194988
4.92197 194545
4.93197 194103
4.94198 193661
4.95198 193221
4.96198 192782
4.97199 192343
4.98199 191906
4.992 191469
5.002 191034
5.012 190599
5.02201 190165
5.03201 189733
5.04202 189301
5.05202 188870
5.06202 188440
5.07203 188011
5.08203 187583
5.09204 187156
5.10204 186730
5.11204 186305
5.12205 185880
5.13205 185457
5.14206 185034
5.15206 184613
5.16206 184192
5.17207 183772
5.18207 183354
5.19208 182936
5.20208 182519
5.21208 182102
5.22209 181687
5.23209 181273
5.2421 180860
5.2521 180447
5.2621 180035
5.27211 179625
5.28211 179215
5.29212 178806
5.30212 178398
5.31212 177991
5.32213 177585
5.33213 177179
5.34214 176775
5.35214 176371
5.36214 175968
5.37215 175566
5.38215 175165
5.39216 174765
5.40216 174366
5.41216 173968
5.42217 173570
5.43217 173174
5.44218 172778
5.45218 172383
5.46218 171989
5.47219 171596
5.48219 171204
5.4922 170812
5.5022 170421
5.5122 170032
5.52221 169643
5.53221 169255
5.54222 168868
5.55222 168481
5.56222 168096
5.57223 167711
5.58223 167327
5.59224 166944
5.60224 166562
5.61224 166181
5.62225 165800
5.63225 165421
5.64226 165042
5.65226 164664
5.66226 164287
5.67227 163910
5.68227 163535
5.69228 163160
5.70228 162786
5.71228 162413
5.72229 162041
5.73229 161670
5.7423 161299
5.7523 160929
5.7623 160560
5.77231 160192
5.78231 159825
5.79232 159458
5.80232 159092
5.81232 158727
5.82233 158363
5.83233 158000
5.84234 157637
5.85234 157275
5.86234 156915
5.87235 156554
5.88235 156195
5.89236 155836
5.90236 155479
5.91236 155122
5.92237 154765
5.93237 154410
5.94238 154055
5.95238 153701
5.96238 153348
5.97239 152996
5.98239 152644
5.9924 152293
6.0024 151943
6.0124 151594
6.02241 151246
6.03241 150898
6.04242 150551
6.05242 150205
6.06242 149859
6.07243 149515
6.08243 149171
6.09244 148828
6.10244 148485
6.11244 148144
6.12245 147803
6.13245 147463
6.14246 147123
6.15246 146784
6.16246 146447
6.17247 146109
6.18247 145773
6.19248 145437
6.20248 145102
6.21248 144768
6.22249 144435
6.23249 144102
6.2425 143770
6.2525 143439
6.26251 143108
6.27251 142779
6.28251 142449
6.29252 142121
6.30252 141793
6.31253 141467
6.32253 141140
6.33253 140815
6.34254 140490
6.35254 140166
6.36255 139843
6.37255 139520
6.38255 139198
6.39256 138877
6.40256 138557
6.41257 138237
6.42257 137918
6.43257 137600
6.44258 137282
6.45258 136965
6.46259 136649
6.47259 136333
6.48259 136019
6.4926 135704
6.5026 135391
6.51261 135078
6.52261 134766
6.53261 134455
6.54262 134144
6.55262 133834
6.56263 133525
6.57263 133216
6.58263 132908
6.59264 132601
6.60264 132295
6.61265 131989
6.62265 131684
6.63265 131379
6.64266 131075
6.65266 130772
6.66267 130469
6.67267 130168
6.68267 129866
6.69268 129566
6.70268 129266
6.71269 128967
6.72269 128668
6.73269 128371
6.7427 128073
6.7527 127777
6.76271 127481
6.77271 127186
6.78271 126891
6.79272 126597
6.80272 126304
6.81273 126012
6.82273 125720
6.83273 125428
6.84274 125138
6.85274 124848
6.86275 124558
6.87275 124270
6.88275 123982
6.89276 123694
6.90276 123407
6.91277 123121
6.92277 122836
6.93277 122551
6.94278 122267
6.95278 121983
6.96279 121700
6.97279 121418
6.98279 121136
6.9928 120855
7.0028 120574
7.01281 120294
7.02281 120015
7.03281 119737
7.04282 119459
7.05282 119181
7.06283 118905
7.07283 118628
7.08283 118353
7.09284 118078
7.10284 117804
7.11285 117530
7.12285 117257
7.13285 116984
7.14286 116713
7.15286 116441
7.16287 116171
7.17287 115901
7.18287 115631
7.19288 115362
7.20288 115094
7.21289 114827
7.22289 114560
7.23289 114293
7.2429 114027
7.2529 113762
7.26291 113497
7.27291 113233
7.28291 112970
7.29292 112707
7.30292 112445
7.31293 112183
7.32293 111922
7.33293 111661
7.34294 111401
7.35294 111142
7.36295 110883
7.37295 110625
7.38295 110367
7.39296 110110
7.40296 109854
7.41297 109598
7.42297 109342
7.43297 109088
7.44298 108833
7.45298 108580
7.46299 108327
7.47299 108074
7.48299 107822
7.493 107571
7.503 107320
7.51301 107070
7.52301 106820
7.53301 106571
7.54302 106322
7.55302 106074
7.56303 105827
7.57303 105580
7.58303 105334
7.59304 105088
7.60304 104843
7.61305 104598
7.62305 104354
7.63305 104110
7.64306 103867
7.65306 103624
7.66307 103382
7.67307 103141
7.68307 102900
7.69308 102660
7.70308 102420
7.71309 102181
7.72309 101942
7.73309 101704
7.7431 101466
7.7531 101229
7.76311 100992
7.77311 100756
7.78311 100521
7.79312 100286
7.80312 100051
7.81313 99817.4
7.82313 99584
7.83313 99351
7.84314 99118.7
7.85314 98886.8
7.86315 98655.5
7.87315 98424.7
7.88315 98194.4
7.89316 97964.6
7.90316 97735.3
7.91317 97506.6
7.92317 97278.3
7.93317 97050.6
7.94318 96823.4
7.95318 96596.7
7.96319 96370.5
7.97319 96144.9
7.98319 95919.7
7.9932 95695
8.0032 95470.9
8.01321 95247.2
8.02321 95024.1
8.03321 94801.4
8.04322 94579.3
8.05322 94357.6
8.06323 94136.5
8.07323 93915.8
8.08323 93695.7
8.09324 93476
8.10324 93256.9
8.11325 93038.2
8.12325 92820
8.13325 92602.3
8.14326 92385.2
8.15326 92168.5
8.16327 91952.2
8.17327 91736.5
8.18327 91521.3
8.19328 91306.5
8.20328 91092.3
8.21329 90878.5
8.22329 90665.2
8.23329 90452.3
8.2433 90240
8.2533 90028.1
8.26331 89816.7
8.27331 89605.8
8.28331 89395.4
8.29332 89185.4
8.30332 88976
8.31333 88767
8.32333 88558.4
8.33333 88350.3
8.34334 88142.8
8.35334 87935.6
8.36335 87729
8.37335 87522.8
8.38335 87317
8.39336 87111.8
8.40336 86907
8.41337 86702.6
8.42337 86498.8
8.43337 86295.4
8.44338 86092.4
8.45338 85889.9
8.46339 85687.9
8.47339 85486.3
8.48339 85285.2
8.4934 85084.5
8.5034 84884.3
8.51341 84684.5
8.52341 84485.2
8.53341 84286.3
8.54342 84087.9
8.55342 83890
8.56343 83692.5
8.57343 83495.4
8.58343 83298.8
8.59344 83102.6
8.60344 82906.9
8.61345 82711.6
8.62345 82516.7
8.63345 82322.3
8.64346 82128.4
8.65346 81934.8
8.66347 81741.7
8.67347 81549.1
8.68347 81356.9
8.69348 81165.1
8.70348 80973.8
8.71349 80782.9
8.72349 80592.4
8.73349 80402.3
8.7435 80212.7
8.7535 80023.5
8.76351 79834.8
8.77351 79646.5
8.78351 79458.6
8.79352 79271.1
8.80352 79084
8.81353 78897.4
8.82353 78711.2
8.83353 78525.4
8.84354 78340.1
8.85354 78155.2
8.86355 77970.6
8.87355 77786.5
8.88355 77602.9
8.89356 77419.6
8.90356 77236.8
8.91357 77054.3
8.92357 76872.3
8.93357 76690.7
8.94358 76509.5
8.95358 76328.7
8.96359 76148.4
8.97359 75968.4
8.98359 75788.9
8.9936 75609.7
9.0036 75431
9.01361 75252.7
9.02361 75074.7
9.03361 74897.2
9.04362 74720.1
9.05362 74543.4
9.06363 74367.1
9.07363 74191.2
9.08363 74015.7
9.09364 73840.5
9.10364 73665.8
9.11365 73491.5
9.12365 73317.6
9.13365 73144.1
9.14366 72971
9.15366 72798.2
9.16367 72625.9
9.17367 72453.9
9.18367 72282.4
9.19368 72111.2
9.20368 71940.4
9.21369 71770
9.22369 71600
9.23369 71430.4
9.2437 71261.2
9.2537 71092.4
9.26371 70923.9
9.27371 70755.8
9.28371 70588.1
9.29372 70420.8
9.30372 70253.9
9.31373 70087.4
9.32373 69921.2
9.33373 69755.4
9.34374 69590
9.35374 69425
9.36375 69260.3
9.37375 69096
9.38375 68932.1
9.39376 68768.6
9.40376 68605.4
9.41377 68442.6
9.42377 68280.2
9.43377 68118.2
9.44378 67956.5
9.45378 67795.2
9.46379 67634.3
9.47379 67473.7
9.48379 67313.5
9.4938 67153.6
9.5038 66994.2
9.51381 66835.1
9.52381 66676.3
9.53381 66517.9
9.54382 66359.9
9.55382 66202.2
9.56383 66044.9
9.57383 65888
9.58383 65731.4
9.59384 65575.2
9.60384 65419.3
9.61385 65263.8
9.62385 65108.6
9.63385 64953.8
9.64386 64799.4
9.65386 64645.3
9.66387 64491.5
9.67387 64338.2
9.68387 64185.1
9.69388 64032.4
9.70388 63880.1
9.71389 63728.1
9.72389 63576.4
9.73389 63425.1
9.7439 63274.2
9.7539 63123.6
9.76391 62973.3
9.77391 62823.4
9.78391 62673.8
9.79392 62524.6
9.80392 62375.7
9.81393 62227.1
9.82393 62078.9
9.83393 61931
9.84394 61783.5
9.85394 61636.3
9.86395 61489.4
9.87395 61342.9
9.88395 61196.7
9.89396 61050.9
9.90396 60905.3
9.91397 60760.2
9.92397 60615.3
9.93397 60470.8
9.94398 60326.6
9.95398 60182.7
9.96399 60039.2
9.97399 59896
9.98399 59753.1
9.994 59610.6
10.004 59468.3
10.014 59326.5
10.024 59184.9
10.034 59043.6
10.044 58902.7
10.054 58762.1
10.064 58621.8
10.074 58481.9
10.084 58342.3
10.094 58203
10.104 58064
10.114 57925.3
10.124 57786.9
10.1341 57648.9
10.1441 57511.2
10.1541 57373.8
10.1641 57236.7
10.1741 57099.9
10.1841 56963.4
10.1941 56827.3
10.2041 56691.5
10.2141 56555.9
10.2241 56420.7
10.2341 56285.8
10.2441 56151.2
10.2541 56017
10.2641 55883
10.2741 55749.3
10.2841 55616
10.2941 55482.9
10.3041 55350.2
10.3141 55217.7
10.3241 55085.6
10.3341 54953.7
10.3441 54822.2
10.3541 54691
10.3641 54560.1
10.3741 54429.4
10.3842 54299.1
10.3942 54169.1
10.4042 54039.4
10.4142 53909.9
10.4242 53780.8
10.4342 53652
10.4442 53523.4
10.4542 53395.2
10.4642 53267.3
10.4742 53139.6
10.4842 53012.2
10.4942 52885.2
10.5042 52758.4
10.5142 52631.9
10.5242 52505.7
10.5342 52379.8
10.5442 52254.2
10.5542 52128.9
10.5642 52003.9
10.5742 51879.1
10.5842 51754.7
10.5942 51630.5
10.6042 51506.6
10.6142 51383
10.6242 51259.7
10.6343 51136.7
10.6443 51013.9
10.6543 50891.5
10.6643 50769.3
10.6743 50647.4
10.6843 50525.8
10.6943 50404.5
10.7043 50283.4
10.7143 50162.6
10.7243 50042.1
10.7343 49921.9
10.7443 49802
10.7543 49682.3
10.7643 49562.9
10.7743 49443.8
10.7843 49324.9
10.7943 49206.4
10.8043 49088.1
10.8143 48970.1
10.8243 48852.3
10.8343 48734.8
10.8443 48617.6
10.8543 48500.7
10.8643 48384
10.8743 48267.6
10.8844 48151.5
10.8944 48035.6
10.9044 47920
10.9144 47804.7
10.9244 47689.7
10.9344 47574.9
10.9444 47460.3
10.9544 47346.1
10.9644 47232.1
10.9744 47118.3
10.9844 47004.9
10.9944 46891.7
11.0044 46778.7
11.0144 46666
11.0244 46553.6
11.0344 46441.4
11.0444 46329.5
11.0544 46217.9
11.0644 46106.5
11.0744 45995.3
11.0844 45884.5
11.0944 45773.8
11.1044 45663.5
11.1144 45553.4
11.1244 45443.5
11.1345 45333.9
11.1445 45224.6
11.1545 45115.5
11.1645 45006.6
11.1745 44898
11.1845 44789.7
11.1945 44681.6
11.2045 44573.8
11.2145 44466.2
11.2245 44358.9
11.2345 44251.8
11.2445 44144.9
11.2545 44038.3
11.2645 43932
11.2745 43825.9
11.2845 43720
11.2945 43614.4
11.3045 43509
11.3145 43403.9
11.3245 43299
11.3345 43194.4
11.3445 43090
11.3545 42985.9
11.3645 42881.9
11.3745 42778.3
11.3846 42674.8
11.3946 42571.7
11.4046 42468.7
11.4146 42366
11.4246 42263.5
11.4346 42161.3
11.4446 42059.3
11.4546 41957.5
11.4646 41856
11.4746 41754.7
11.4846 41653.6
11.4946 41552.8
11.5046 41452.2
11.5146 41351.9
11.5246 41251.8
11.5346 41151.9
11.5446 41052.2
11.5546 40952.8
11.5646 40853.6
11.5746 40754.6
11.5846 40655.9
11.5946 40557.4
11.6046 40459.1
11.6146 40361.1
11.6246 40263.2
11.6347 40165.6
11.6447 40068.3
11.6547 39971.1
11.6647 39874.2
11.6747 39777.5
11.6847 39681.1
11.6947 39584.8
11.7047 39488.8
11.7147 39393
11.7247 39297.4
11.7347 39202.1
11.7447 39107
11.7547 39012
11.7647 38917.4
11.7747 38822.9
11.7847 38728.6
11.7947 38634.6
11.8047 38540.8
11.8147 38447.2
11.8247 38353.8
11.8347 38260.7
11.8447 38167.7
11.8547 38075
11.8647 37982.5
11.8747 37890.2
11.8848 37798.1
11.8948 37706.3
11.9048 37614.6
11.9148 37523.2
11.9248 37432
11.9348 37341
11.9448 37250.2
11.9548 37159.6
11.9648 37069.2
11.9748 36979
11.9848 36889.1
11.9948 36799.3
12.0048 36709.8
12.0148 36620.4
12.0248 36531.3
12.0348 36442.4
12.0448 36353.7
12.0548 36265.2
12.0648 36176.9
12.0748 36088.8
12.0848 36000.9
12.0948 35913.3
12.1048 35825.8
12.1148 35738.5
12.1248 35651.4
12.1349 35564.6
12.1449 35477.9
12.1549 35391.5
12.1649 35305.2
12.1749 35219.2
12.1849 35133.3
12.1949 35047.6
12.2049 34962.2
12.2149 34876.9
12.2249 34791.9
12.2349 34707
12.2449 34622.4
12.2549 34537.9
12.2649 34453.6
12.2749 34369.6
12.2849 34285.7
12.2949 34202
12.3049 34118.5
12.3149 34035.2
12.3249 33952.1
12.3349 33869.2
12.3449 33786.5
12.3549 33704
12.3649 33621.7
12.3749 33539.6
12.385 33457.6
12.395 33375.9
12.405 33294.3
12.415 33213
12.425 33131.8
12.435 33050.8
12.445 32970
12.455 32889.4
12.465 32809
12.475 32728.8
12.485 32648.7
12.495 32568.9
12.505 32489.2
12.515 32409.7
12.525 32330.4
12.535 32251.3
12.545 32172.4
12.555 32093.7
12.565 32015.1
12.575 31936.7
12.585 31858.6
12.595 31780.6
12.605 31702.7
12.615 31625.1
12.6251 31547.6
12.6351 31470.4
12.6451 31393.3
12.6551 31316.3
12.6651 31239.6
12.6751 31163.1
12.6851 31086.7
12.6951 31010.5
12.7051 30934.5
12.7151 30858.6
12.7251 30782.9
12.7351 30707.5
12.7451 30632.2
12.7551 30557
12.7651 30482.1
12.7751 30407.3
12.7851 30332.7
12.7951 30258.2
12.8051 30184
12.8151 30109.9
12.8251 30036
12.8351 29962.3
12.8451 29888.7
12.8551 29815.3
12.8651 29742.1
12.8752 29669
12.8852 29596.2
12.8952 29523.4
12.9052 29450.9
12.9152 29378.6
12.9252 29306.4
12.9352 29234.3
12.9452 29162.5
12.9552 29090.8
12.9652 29019.3
12.9752 28947.9
12.9852 28876.7
12.9952 28805.7
13.0052 28734.9
13.0152 28664.2
13.0252 28593.7
13.0352 28523.3
13.0452 28453.1
13.0552 28383.1
13.0652 28313.2
13.0752 28243.5
13.0852 28174
13.0952 28104.7
13.1052 28035.4
13.1152 27966.4
13.1253 27897.5
13.1353 27828.8
13.1453 27760.3
13.1553 27691.9
13.1653 27623.6
13.1753 27555.6
13.1853 27487.6
13.1953 27419.9
13.2053 27352.3
13.2153 27284.9
13.2253 27217.6
13.2353 27150.5
13.2453 27083.5
13.2553 27016.7
13.2653 26950.1
13.2753 26883.6
13.2853 26817.2
13.2953 26751.1
13.3053 26685
13.3153 26619.2
13.3253 26553.5
13.3353 26487.9
13.3453 26422.5
13.3553 26357.3
13.3653 26292.2
13.3754 26227.2
13.3854 26162.4
13.3954 26097.8
13.4054 26033.3
13.4154 25969
13.4254 25904.8
13.4354 25840.8
13.4454 25776.9
13.4554 25713.2
13.4654 25649.6
13.4754 25586.2
13.4854 25522.9
13.4954 25459.8
13.5054 25396.8
13.5154 25334
13.5254 25271.3
13.5354 25208.7
13.5454 25146.4
13.5554 25084.1
13.5654 25022
13.5754 24960.1
13.5854 24898.3
13.5954 24836.6
13.6054 24775.1
13.6154 24713.7
13.6255 24652.5
13.6355 24591.4
13.6455 24530.5
13.6555 24469.7
13.6655 24409.1
13.6755 24348.6
13.6855 24288.2
13.6955 24228
13.7055 24167.9
13.7155 24108
13.7255 24048.2
13.7355 23988.6
13.7455 23929.1
13.7555 23869.7
13.7655 23810.5
13.7755 23751.4
13.7855 23692.4
13.7955 23633.6
13.8055 23575
13.8155 23516.4
13.8255 23458
13.8355 23399.8
13.8455 23341.7
13.8555 23283.7
13.8655 23225.8
13.8756 23168.1
13.8856 23110.6
13.8956 23053.1
13.9056 22995.8
13.9156 22938.7
13.9256 22881.7
13.9356 22824.8
13.9456 22768
13.9556 22711.4
13.9656 22654.9
13.9756 22598.6
13.9856 22542.3
13.9956 22486.2
14.0056 22430.3
14.0156 22374.5
14.0256 22318.8
14.0356 22263.2
14.0456 22207.8
14.0556 22152.5
14.0656 22097.3
14.0756 22042.3
14.0856 21987.4
14.0956 21932.6
14.1056 21878
14.1156 21823.5
14.1257 21769.1
14.1357 21714.8
14.1457 21660.7
14.1557 21606.7
14.1657 21552.8
14.1757 21499.1
14.1857 21445.5
14.1957 21392
14.2057 21338.6
14.2157 21285.4
14.2257 21232.3
14.2357 21179.3
14.2457 21126.5
14.2557 21073.7
14.2657 21021.1
14.2757 20968.6
14.2857 20916.3
14.2957 20864
14.3057 20811.9
14.3157 20760
14.3257 20708.1
14.3357 20656.4
14.3457 20604.7
14.3557 20553.2
14.3657 20501.9
14.3758 20450.6
14.3858 20399.5
14.3958 20348.5
14.4058 20297.6
14.4158 20246.9
14.4258 20196.2
14.4358 20145.7
14.4458 20095.3
14.4558 20045
14.4658 19994.8
14.4758 19944.8
14.4858 19894.9
14.4958 19845.1
14.5058 19795.4
14.5158 19745.8
14.5258 19696.4
14.5358 19647
14.5458 19597.8
14.5558 19548.7
14.5658 19499.7
14.5758 19450.9
14.5858 19402.1
14.5958 19353.5
14.6058 19305
14.6158 19256.6
14.6259 19208.3
14.6359 19160.1
14.6459 19112.1
14.6559 19064.1
14.6659 19016.3
14.6759 18968.6
14.6859 18995.9
14.6959 19032.4
14.7059 19068.8
14.7159 19105.2
14.7259 19141.5
14.7359 19177.7
14.7459 19213.9
14.7559 19249.9
14.7659 19286
14.7759 19321.9
14.7859 19357.8
14.7959 19393.6
14.8059 19429.3
14.8159 19465
14.8259 19500.6
14.8359 19536.1
14.8459 19571.6
14.8559 19606.9
14.8659 19642.3
14.876 19677.5
14.886 19712.7
14.896 19747.8
14.906 19782.9
14.916 19817.8
14.926 19852.8
14.936 19887.6
14.946 19922.4
14.956 19957.1
14.966 19991.7
14.976 20026.3
14.986 20060.8
14.996 20095.3
15.006 20129.7
15.016 20164
15.026 20198.2
15.036 20232.4
15.046 20266.5
15.056 20300.6
15.066 20334.6
15.076 20368.5
15.086 20402.4
15.096 20436.2
15.106 20469.9
15.116 20503.6
15.1261 20537.2
15.1361 20570.8
15.1461 20604.2
15.1561 20637.7
15.1661 20671
15.1761 20704.3
15.1861 20737.6
15.1961 20770.7
15.2061 20803.8
15.2161 20836.9
15.2261 20869.9
15.2361 20902.8
15.2461 20935.7
15.2561 20968.5
15.2661 21001.2
15.2761 21033.9
15.2861 21066.5
15.2961 21099.1
15.3061 21131.6
15.3161 21164
15.3261 21196.4
15.3361 21228.7
15.3461 21261
15.3561 21293.2
15.3661 21325.3
15.3762 21357.4
15.3862 21389.4
15.3962 21421.4
15.4062 21453.3
15.4162 21485.2
15.4262 21517
15.4362 21548.7
15.4462 21580.4
15.4562 21612
15.4662 21643.6
15.4762 21675.1
15.4862 21706.5
15.4962 21737.9
15.5062 21769.3
15.5162 21800.5
15.5262 21831.8
15.5362 21862.9
15.5462 21894
15.5562 21925.1
15.5662 21956.1
15.5762 21987
15.5862 22017.9
15.5962 22048.8
15.6062 22079.6
15.6162 22110.3
15.6263 22140.9
15.6363 22171.6
15.6463 22202.1
15.6563 22232.6
15.6663 22263.1
15.6763 22293.5
15.6863 22323.8
15.6963 22354.1
15.7063 22384.4
15.7163 22414.6
15.7263 22444.7
15.7363 22474.8
15.7463 22504.8
15.7563 22534.8
15.7663 22564.7
15.7763 22594.6
15.7863 22624.4
15.7963 22654.2
15.8063 22683.9
15.8163 22713.6
15.8263 22743.2
15.8363 22772.7
15.8463 22802.2
15.8563 22831.7
15.8663 22861.1
15.8764 22890.5
15.8864 22919.8
15.8964 22949
15.9064 22978.2
15.9164 23007.4
15.9264 23036.5
15.9364 23065.6
15.9464 23094.6
15.9564 23123.5
15.9664 23152.4
15.9764 23181.3
15.9864 23210.1
15.9964 23238.9
16.0064 23267.6
16.0164 23296.2
16.0264 23324.9
16.0364 23353.4
16.0464 23382
16.0564 23410.4
16.0664 23438.9
16.0764 23467.2
16.0864 23495.6
16.0964 23523.8
16.1064 23552.1
16.1164 23580.3
16.1265 23608.4
16.1365 23636.5
16.1465 23664.5
16.1565 23692.5
16.1665 23720.5
16.1765 23748.4
16.1865 23776.3
16.1965 23804.1
16.2065 23831.8
16.2165 23859.6
16.2265 23887.2
16.2365 23914.9
16.2465 23942.5
16.2565 23970
16.2665 23997.5
16.2765 24024.9
16.2865 24052.4
16.2965 24079.7
16.3065 24107
16.3165 24134.3
16.3265 24161.5
16.3365 24188.7
16.3465 24215.9
16.3565 24243
16.3665 24270
16.3766 24297
16.3866 24324
16.3966 24350.9
16.4066 24377.8
16.4166 24404.6
16.4266 24431.4
16.4366 24458.2
16.4466 24484.9
16.4566 24511.5
16.4666 24538.2
16.4766 24564.7
16.4866 24591.3
16.4966 24617.8
16.5066 24644.2
16.5166 24670.6
16.5266 24697
16.5366 24723.3
16.5466 24749.6
16.5566 24775.9
16.5666 24802.1
16.5766 24828.2
16.5866 24854.3
16.5966 24880.4
16.6066 24906.5
16.6166 24932.5
16.6267 24958.4
16.6367 24984.3
16.6467 25010.2
16.6567 25036.1
16.6667 25061.9
16.6767 25087.6
16.6867 25113.3
16.6967 25139
16.7067 25164.6
16.7167 25190.2
16.7267 25215.8
16.7367 25241.3
16.7467 25266.8
16.7567 25292.3
16.7667 25317.7
16.7767 25343
16.7867 25368.3
16.7967 25393.6
16.8067 25418.9
16.8167 25444.1
16.8267 25469.3
16.8367 25494.4
16.8467 25519.5
16.8567 25544.6
16.8667 25569.6
16.8768 25594.6
16.8868 25619.5
16.8968 25644.4
16.9068 25669.3
16.9168 25694.1
16.9268 25718.9
16.9368 25743.7
16.9468 25768.4
16.9568 25793.1
16.9668 25817.7
16.9768 25842.4
16.9868 25866.9
16.9968 25891.5
17.0068 25916
17.0168 25940.5
17.0268 25964.9
17.0368 25989.3
17.0468 26013.6
17.0568 26038
17.0668 26062.3
17.0768 26086.5
17.0868 26110.7
17.0968 26134.9
17.1068 26159.1
17.1168 26183.2
17.1269 26207.3
17.1369 26231.3
17.1469 26255.3
17.1569 26279.3
17.1669 26303.2
17.1769 26327.1
17.1869 26351
17.1969 26374.8
17.2069 26398.6
17.2169 26422.4
17.2269 26446.2
17.2369 26469.9
17.2469 26493.5
17.2569 26517.2
17.2669 26540.8
17.2769 26564.3
17.2869 26587.9
17.2969 26611.4
17.3069 26634.8
17.3169 26658.3
17.3269 26681.7
17.3369 26705
17.3469 26728.4
17.3569 26751.7
17.3669 26774.9
17.377 26798.2
17.387 26821.4
17.397 26844.6
17.407 26867.7
17.417 26890.8
17.427 26913.9
17.437 26936.9
17.447 26960
17.457 26982.9
17.467 27005.9
17.477 27028.8
17.487 27051.7
17.497 27074.6
17.507 27097.4
17.517 27120.2
17.527 27142.9
17.537 27165.7
17.547 27188.4
17.557 27211
17.567 27233.7
17.577 27256.3
17.587 27278.9
17.597 27301.4
17.607 27323.9
17.617 27346.4
17.6271 27368.9
17.6371 27391.3
17.6471 27413.7
17.6571 27436.1
17.6671 27458.4
17.6771 27480.7
17.6871 27503
17.6971 27525.3
17.7071 27547.5
17.7171 27569.7
17.7271 27591.8
17.7371 27614
17.7471 27636.1
17.7571 27658.2
17.7671 27680.2
17.7771 27702.2
17.7871 27724.2
17.7971 27746.2
17.8071 27768.1
17.8171 27790
17.8271 27811.9
17.8371 27833.7
17.8471 27855.5
17.8571 27877.3
17.8671 27899.1
17.8772 27920.8
17.8872 27942.5
17.8972 27964.2
17.9072 27985.9
17.9172 28007.5
17.9272 28029.1
17.9372 28050.7
17.9472 28072.2
17.9572 28093.7
17.9672 28115.2
17.9772 28136.7
17.9872 28158.1
17.9972 28179.5
18.0072 28200.9
18.0172 28222.2
18.0272 28243.5
18.0372 28264.8
18.0472 28286.1
18.0572 28307.4
18.0672 28328.6
18.0772 28349.8
18.0872 28370.9
18.0972 28392.1
18.1072 28413.2
18.1172 28434.3
18.1273 28455.3
18.1373 28476.4
18.1473 28497.4
18.1573 28518.4
18.1673 28539.3
18.1773 28560.3
18.1873 28581.2
18.1973 28602.1
18.2073 28622.9
18.2173 28643.7
18.2273 28664.6
18.2373 28685.3
18.2473 28706.1
18.2573 28726.8
18.2673 28747.5
18.2773 28768.2
18.2873 28788.9
18.2973 28809.5
18.3073 28830.1
18.3173 28850.7
18.3273 28871.2
18.3373 28891.8
18.3473 28912.3
18.3573 28932.8
18.3673 28953.2
18.3774 28973.7
18.3874 28994.1
18.3974 29014.5
18.4074 29034.8
18.4174 29055.2
18.4274 29075.5
18.4374 29095.8
18.4474 29116.1
18.4574 29136.3
18.4674 29156.5
18.4774 29176.7
18.4874 29196.9
18.4974 29217.1
18.5074 29237.2
18.5174 29257.3
18.5274 29277.4
18.5374 29297.5
18.5474 29317.5
18.5574 29337.5
18.5674 29357.5
18.5774 29377.5
18.5874 29397.4
18.5974 29417.3
18.6074 29437.2
18.6174 29457.1
18.6275 29477
18.6375 29496.8
18.6475 29516.6
18.6575 29536.4
18.6675 29556.2
18.6775 29575.9
18.6875 29595.7
18.6975 29615.4
18.7075 29635.1
18.7175 29654.7
18.7275 29674.3
18.7375 29694
18.7475 29713.6
18.7575 29733.1
18.7675 29752.7
18.7775 29772.2
18.7875 29791.7
18.7975 29811.2
18.8075 29830.7
18.8175 29850.1
18.8275 29869.5
18.8375 29888.9
18.8475 29908.3
18.8575 29927.7
18.8675 29947
18.8776 29966.3
18.8876 29985.6
18.8976 30004.9
18.9076 30024.2
18.9176 30043.4
18.9276 30062.6
18.9376 30081.8
18.9476 30101
18.9576 30120.2
18.9676 30139.3
18.9776 30158.4
18.9876 30177.5
18.9976 30196.6
19.0076 30215.6
19.0176 30234.7
19.0276 30253.7
19.0376 30272.7
19.0476 30291.7
19.0576 30310.6
19.0676 30329.5
19.0776 30348.5
19.0876 30367.4
19.0976 30386.2
19.1076 30405.1
19.1176 30423.9
19.1277 30442.7
19.1377 30461.5
19.1477 30480.3
19.1577 30499.1
19.1677 30517.8
19.1777 30536.6
19.1877 30555.3
19.1977 30573.9
19.2077 30592.6
19.2177 30611.3
19.2277 30629.9
19.2377 30648.5
19.2477 30667.1
19.2577 30685.7
19.2677 30704.2
19.2777 30722.8
19.2877 30741.3
19.2977 30759.8
19.3077 30778.3
19.3177 30796.7
19.3277 30815.2
19.3377 30833.6
19.3477 30852
19.3577 30870.4
19.3677 30888.8
19.3778 30907.1
19.3878 30925.5
19.3978 30943.8
19.4078 30962.1
19.4178 30980.4
19.4278 30998.6
19.4378 31016.9
19.4478 31035.1
19.4578 31053.3
19.4678 31071.5
19.4778 31089.7
19.4878 31107.9
19.4978 31126
19.5078 31144.1
19.5178 31162.2
19.5278 31180.3
19.5378 31198.4
19.5478 31216.5
19.5578 31234.5
19.5678 31252.5
19.5778 31270.5
19.5878 31288.5
19.5978 31306.5
19.6078 31324.5
19.6178 31342.4
19.6279 31360.3
19.6379 31378.2
19.6479 31396.1
19.6579 31414
19.6679 31431.9
19.6779 31449.7
19.6879 31467.5
19.6979 31485.3
19.7079 31503.1
19.7179 31520.9
19.7279 31538.7
19.7379 31556.4
19.7479 31574.1
19.7579 31591.8
19.7679 31609.5
19.7779 31627.2
19.7879 31644.9
19.7979 31662.5
19.8079 31680.2
19.8179 31697.8
19.8279 31715.4
19.8379 31733
19.8479 31750.5
19.8579 31768.1
19.8679 31785.6
19.878 31803.2
19.888 31820.7
19.898 31838.2
19.908 31855.6
19.918 31873.1
19.928 31890.5
19.938 31908
19.948 31925.4
19.958 31942.8
19.968 31960.2
19.978 31977.5
19.988 31994.9
19.998 32012.2
20.008 32029.6
20.018 32046.9
20.028 32064.2
20.038 32081.5
20.048 32098.7
20.058 32116
20.068 32133.2
20.078 32150.4
20.088 32167.7
20.098 32184.8
20.108 32202
20.118 32219.2
20.1281 32236.3
20.1381 32253.5
20.1481 32270.6
20.1581 32287.7
20.1681 32304.8
20.1781 32321.9
20.1881 32339
20.1981 32356
20.2081 32373
20.2181 32390.1
20.2281 32407.1
20.2381 32424.1
20.2481 32441.1
20.2581 32458
20.2681 32475
20.2781 32491.9
20.2881 32508.9
20.2981 32525.8
20.3081 32542.7
20.3181 32559.6
20.3281 32576.4
20.3381 32593.3
20.3481 32610.1
20.3581 32627
20.3681 32643.8
20.3782 32660.6
20.3882 32677.4
20.3982 32694.2
20.4082 32710.9
20.4182 32727.7
20.4282 32744.4
20.4382 32761.2
20.4482 32777.9
20.4582 32794.6
20.4682 32811.3
20.4782 32827.9
20.4882 32844.6
20.4982 32861.2
20.5082 32877.9
20.5182 32894.5
20.5282 32911.1
20.5382 32927.7
20.5482 32944.3
20.5582 32960.9
20.5682 32977.4
20.5782 32994
20.5882 33010.5
20.5982 33027
20.6082 33043.5
20.6182 33060
20.6283 33076.5
20.6383 33093
20.6483 33109.5
20.6583 33125.9
20.6683 33142.3
20.6783 33158.8
20.6883 33175.2
20.6983 33191.6
20.7083 33208
20.7183 33224.3
20.7283 33240.7
20.7383 33257.1
20.7483 33273.4
20.7583 33289.7
20.7683 33306
20.7783 33322.4
20.7883 33338.6
20.7983 33354.9
20.8083 33371.2
20.8183 33387.5
20.8283 33403.7
20.8383 33419.9
20.8483 33436.2
20.8583 33452.4
20.8683 33468.6
20.8784 33484.7
20.8884 33500.9
20.8984 33517.1
20.9084 33533.2
20.9184 33549.4
20.9284 33565.5
20.9384 33581.6
20.9484 33597.7
20.9584 33613.8
20.9684 33629.9
20.9784 33646
20.9884 33662.1
20.9984 33678.1
21.0084 33694.2
21.0184 33710.2
21.0284 33726.2
21.0384 33742.2
21.0484 33758.2
21.0584 33774.2
21.0684 33790.2
21.0784 33806.1
21.0884 33822.1
21.0984 33838
21.1084 33854
21.1184 33869.9
21.1285 33885.8
21.1385 33901.7
21.1485 33917.6
21.1585 33933.5
21.1685 33949.3
21.1785 33965.2
21.1885 33981
21.1985 33996.9
21.2085 34012.7
21.2185 34028.5
21.2285 34044.3
21.2385 34060.1
21.2485 34075.9
21.2585 34091.7
21.2685 34107.5
21.2785 34123.2
21.2885 34139
21.2985 34154.7
21.3085 34170.4
21.3185 34186.1
21.3285 34201.8
21.3385 34217.5
21.3485 34233.2
21.3585 34248.9
21.3685 34264.6
21.3786 34280.2
21.3886 34295.8
21.3986 34311.5
21.4086 34327.1
21.4186 34342.7
21.4286 34358.3
21.4386 34373.9
21.4486 34389.5
21.4586 34405.1
21.4686 34420.7
21.4786 34436.2
21.4886 34451.8
21.4986 34467.3
21.5086 34482.8
21.5186 34498.3
21.5286 34513.9
21.5386 34529.3
21.5486 34544.8
21.5586 34560.3
21.5686 34575.8
21.5786 34591.3
21.5886 34606.7
21.5986 34622.2
21.6086 34637.6
21.6186 34653
21.6287 34668.4
21.6387 34683.8
21.6487 34699.2
21.6587 34714.6
21.6687 34730
21.6787 34745.4
21.6887 34760.7
21.6987 34776.1
21.7087 34791.4
21.7187 34806.8
21.7287 34822.1
21.7387 34837.4
21.7487 34852.7
21.7587 34868
21.7687 34883.3
21.7787 34898.6
21.7887 34913.8
21.7987 34929.1
21.8087 34944.4
21.8187 34959.6
21.8287 34974.8
21.8387 34990.1
21.8487 35005.3
21.8587 35020.5
21.8687 35035.7
21.8788 35050.9
21.8888 35066.1
21.8988 35081.3
21.9088 35096.4
21.9188 35111.6
21.9288 35126.8
21.9388 35141.9
21.9488 35157
21.9588 35172.2
21.9688 35187.3
21.9788 35202.4
21.9888 35217.5
21.9988 35232.6
22.0088 35247.7
22.0188 35262.7
22.0288 35277.8
22.0388 35292.9
22.0488 35307.9
22.0588 35323
22.0688 35338
22.0788 35353
22.0888 35368.1
22.0988 35383.1
22.1088 35398.1
22.1188 35413.1
22.1289 35428.1
22.1389 35443
22.1489 35458
22.1589 35473
22.1689 35487.9
22.1789 35502.9
22.1889 35517.8
22.1989 35532.8
22.2089 35547.7
22.2189 35562.6
22.2289 35577.5
22.2389 35592.4
22.2489 35607.3
22.2589 35622.2
22.2689 35637.1
22.2789 35652
22.2889 35666.8
22.2989 35681.7
22.3089 35696.5
22.3189 35711.4
22.3289 35726.2
22.3389 35741
22.3489 35755.8
22.3589 35770.7
22.3689 35785.5
22.379 35800.3
22.389 35815.1
22.399 35829.8
22.409 35844.6
22.419 35859.4
22.429 35874.1
22.439 35888.9
22.449 35903.6
22.459 35918.4
22.469 35933.1
22.479 35947.8
22.489 35962.6
22.499 35977.3
22.509 35992
22.519 36006.7
22.529 36021.4
22.539 36036
22.549 36050.7
22.559 36065.4
22.569 36080
22.579 36094.7
22.589 36109.3
22.599 36124
22.609 36138.6
22.619 36153.2
22.6291 36167.9
22.6391 36182.5
22.6491 36197.1
22.6591 36211.7
22.6691 36226.3
22.6791 36240.9
22.6891 36255.4
22.6991 36270
22.7091 36284.6
22.7191 36299.1
22.7291 36313.7
22.7391 36328.2
22.7491 36342.8
22.7591 36357.3
22.7691 36371.8
22.7791 36386.4
22.7891 36400.9
22.7991 36415.4
22.8091 36429.9
22.8191 36444.4
22.8291 36458.9
22.8391 36473.3
22.8491 36487.8
22.8591 36502.3
22.8691 36516.8
22.8792 36531.2
22.8892 36545.7
22.8992 36560.1
22.9092 36574.5
22.9192 36589
22.9292 36603.4
22.9392 36617.8
22.9492 36632.2
22.9592 36646.6
22.9692 36661
22.9792 36675.4
22.9892 36689.8
22.9992 36704.2
23.0092 36718.6
23.0192 36732.9
23.0292 36747.3
23.0392 36761.6
23.0492 36776
23.0592 36790.3
23.0692 36804.7
23.0792 36819
23.0892 36833.3
23.0992 36847.7
23.1092 36862
23.1192 36876.3
23.1293 36890.6
23.1393 36904.9
23.1493 36919.2
23.1593 36933.5
23.1693 36947.7
23.1793 36962
23.1893 36976.3
23.1993 36990.5
23.2093 37004.8
23.2193 37019
23.2293 37033.3
23.2393 37047.5
23.2493 37061.8
23.2593 37076
23.2693 37090.2
23.2793 37104.4
23.2893 37118.6
23.2993 37132.8
23.3093 37147
23.3193 37161.2
23.3293 37175.4
23.3393 37189.6
23.3493 37203.8
23.3593 37218
23.3693 37232.1
23.3794 37246.3
23.3894 37260.4
23.3994 37274.6
23.4094 37288.7
23.4194 37302.9
23.4294 37317
23.4394 37331.1
23.4494 37345.3
23.4594 37359.4
23.4694 37373.5
23.4794 37387.6
23.4894 37401.7
23.4994 37415.8
23.5094 37429.9
23.5194 37444
23.5294 37458.1
23.5394 37472.1
23.5494 37486.2
23.5594 37500.3
23.5694 37514.3
23.5794 37528.4
23.5894 37542.4
23.5994 37556.5
23.6094 37570.5
23.6194 37584.5
23.6295 37598.6
23.6395 37612.6
23.6495 37626.6
23.6595 37640.6
23.6695 37654.6
23.6795 37668.6
23.6895 37682.6
23.6995 37696.6
23.7095 37710.6
23.7195 37724.6
23.7295 37738.6
23.7395 37752.6
23.7495 37766.5
23.7595 37780.5
23.7695 37794.5
23.7795 37808.4
23.7895 37822.4
23.7995 37836.3
23.8095 37850.2
23.8195 37864.2
23.8295 37878.1
23.8395 37892
23.8495 37906
23.8595 37919.9
23.8695 37933.8
23.8796 37947.7
23.8896 37961.6
23.8996 37975.5
23.9096 37989.4
23.9196 38003.3
23.9296 38017.2
23.9396 38031
23.9496 38044.9
23.9596 38058.8
23.9696 38072.6
23.9796 38086.5
23.9896 38100.4
23.9996 38114.2
24.0096 38128.1
24.0196 38141.9
24.0296 38155.7
24.0396 38169.6
24.0496 38183.4
24.0596 38197.2
24.0696 38211
24.0796 38224.9
24.0896 38238.7
24.0996 38252.5
24.1096 38266.3
24.1196 38280.1
24.1297 38293.9
24.1397 38307.6
24.1497 38321.4
24.1597 38335.2
24.1697 38349
24.1797 38362.8
24.1897 38376.5
24.1997 38390.3
24.2097 38404
24.2197 38417.8
24.2297 38431.6
24.2397 38445.3
24.2497 38459
24.2597 38472.8
24.2697 38486.5
24.2797 38500.2
24.2897 38514
24.2997 38527.7
24.3097 38541.4
24.3197 38555.1
24.3297 38568.8
24.3397 38582.5
24.3497 38596.2
24.3597 38609.9
24.3697 38623.6
24.3798 38637.3
24.3898 38651
24.3998 38664.7
24.4098 38678.3
24.4198 38692
24.4298 38705.7
24.4398 38719.3
24.4498 38733
24.4598 38746.7
24.4698 38760.3
24.4798 38774
24.4898 38787.6
24.4998 38801.2
24.5098 38814.9
24.5198 38828.5
24.5298 38842.1
24.5398 38855.8
24.5498 38869.4
24.5598 38883
24.5698 38896.6
24.5798 38910.2
24.5898 38923.8
24.5998 38937.4
24.6098 38951
24.6198 38964.6
24.6299 38978.2
24.6399 38991.8
24.6499 39005.4
24.6599 39019
24.6699 39032.5
24.6799 39046.1
24.6899 39059.7
24.6999 39073.2
24.7099 39086.8
24.7199 39100.3
24.7299 39113.9
24.7399 39127.5
24.7499 39141
24.7599 39154.5
24.7699 39168.1
24.7799 39181.6
24.7899 39195.1
24.7999 39208.7
24.8099 39222.2
24.8199 39235.7
24.8299 39249.2
24.8399 39262.7
24.8499 39276.3
24.8599 39289.8
24.8699 39303.3
24.88 39316.8
24.89 39330.3
24.9 39343.8
24.91 39357.2
24.92 39370.7
24.93 39384.2
24.94 39397.7
24.95 39411.2
24.96 39424.6
24.97 39438.1
24.98 39451.6
24.99 39465
25 39478.5
