0 33493.6
0.010004 33334
0.020008 33174.8
0.030012 33015.8
0.040016 32857.3
0.05002 32699
0.060024 32541.1
0.070028 32383.5
0.080032 32226.2
0.090036 32069.3
0.10004 31912.7
0.110044 31756.5
0.120048 31600.5
0.130052 31444.9
0.140056 31289.6
0.15006 31134.6
0.160064 31063.4
0.170068 31140.1
0.180072 31216.7
0.190076 31293.2
0.20008 31369.6
0.210084 31445.8
0.220088 31522
0.230092 31598.1
0.240096 31674.1
0.2501 31750
0.260104 31825.8
0.270108 31901.5
0.280112 31977.1
0.290116 32052.6
0.30012 32128
0.310124 32203.3
0.320128 32278.5
0.330132 32353.7
0.340136 32428.7
0.35014 32503.6
0.360144 32578.5
0.370148 32653.3
0.380152 32727.9
0.390156 32802.5
0.40016 32877
0.410164 32951.4
0.420168 33025.7
0.430172 33099.9
0.440176 33174.1
0.45018 33248.1
0.460184 33322.1
0.470188 33396
0.480192 33469.7
0.490196 33543.4
0.5002 33617.1
0.510204 33690.6
0.520208 33764
0.530212 33837.4
0.540216 33910.7
0.55022 33983.9
0.560224 34057
0.570228 34130
0.580232 34203
0.590236 34275.8
0.60024 34348.6
0.610244 34421.3
0.620248 34493.9
0.630252 34566.5
0.640256 34638.9
0.65026 34711.3
0.660264 34783.6
0.670268 34855.8
0.680272 34928
0.690276 35000
0.70028 35072
0.710284 35143.9
0.720288 35215.8
0.730292 35287.5
0.740296 35359.2
0.7503 35430.8
0.760304 35502.4
0.770308 35573.8
0.780312 35645.2
0.790316 35716.5
0.80032 35787.7
0.810324 35858.9
0.820328 35930
0.830332 36001
0.840336 36071.9
0.85034 36142.8
0.860344 36213.6
0.870348 36284.3
0.880352 36355
0.890356 36425.6
0.90036 36496.1
0.910364 36566.5
0.920368 36636.9
0.930372 36707.2
0.940376 36777.4
0.95038 36847.6
0.960384 36917.7
0.970388 36987.7
0.980392 37057.7
0.990396 37127.6
1.0004 37197.4
1.0104 37267.2
1.02041 37336.9
1.03041 37406.5
1.04042 37476
1.05042 37545.5
1.06042 37615
1.07043 37684.3
1.08043 37753.6
1.09044 37822.9
1.10044 37892
1.11044 37961.1
1.12045 38030.2
1.13045 38099.2
1.14046 38168.1
1.15046 38236.9
1.16046 38305.7
1.17047 38374.4
1.18047 38443.1
1.19048 38511.7
1.20048 38580.2
1.21048 38648.7
1.22049 38717.1
1.23049 38785.5
1.2405 38853.8
1.2505 38922
1.2605 38990.2
1.27051 39058.3
1.28051 39126.4
1.29052 39194.4
1.30052 39262.4
1.31052 39330.2
1.32053 39398.1
1.33053 39465.8
1.34054 39533.5
1.35054 39601.2
1.36054 39668.8
1.37055 39736.3
1.38055 39803.8
1.39056 39871.2
1.40056 39938.6
1.41056 40005.9
1.42057 40073.2
1.43057 40140.4
1.44058 40207.5
1.45058 40274.6
1.46058 40341.7
1.47059 40408.6
1.48059 40475.6
1.4906 40542.5
1.5006 40609.3
1.5106 40676
1.52061 40742.8
1.53061 40809.4
1.54062 40876
1.55062 40942.6
1.56062 41009.1
1.57063 41075.5
1.58063 41141.9
1.59064 41208.3
1.60064 41274.6
1.61064 41340.8
1.62065 41407
1.63065 41473.2
1.64066 41539.3
1.65066 41605.3
1.66066 41671.3
1.67067 41737.3
1.68067 41803.2
1.69068 41869
1.70068 41934.8
1.71068 42000.5
1.72069 42066.2
1.73069 42131.9
1.7407 42197.5
1.7507 42263
1.7607 42328.6
1.77071 42394
1.78071 42459.4
1.79072 42524.8
1.80072 42590.1
1.81072 42655.4
1.82073 42720.6
1.83073 42785.8
1.84074 42850.9
1.85074 42916
1.86074 42981
1.87075 43046
1.88075 43110.9
1.89076 43175.8
1.90076 43240.7
1.91076 43305.5
1.92077 43370.3
1.93077 43435
1.94078 43499.7
1.95078 43564.3
1.96078 43628.9
1.97079 43693.4
1.98079 43757.9
1.9908 43822.4
2.0008 43886.8
2.0108 43951.2
2.02081 44015.5
2.03081 44079.8
2.04082 44144
2.05082 44208.2
2.06082 44272.4
2.07083 44336.5
2.08083 44400.6
2.09084 44464.6
2.10084 44528.6
2.11084 44592.5
2.12085 44656.5
2.13085 44720.3
2.14086 44784.1
2.15086 44847.9
2.16086 44911.7
2.17087 44975.4
2.18087 45039
2.19088 45102.7
2.20088 45166.3
2.21088 45229.8
2.22089 45293.3
2.23089 45356.8
2.2409 45420.2
2.2509 45483.6
2.2609 45546.9
2.27091 45610.2
2.28091 45673.5
2.29092 45736.8
2.30092 45799.9
2.31092 45863.1
2.32093 45926.2
2.33093 45989.3
2.34094 46052.3
2.35094 46115.4
2.36094 46178.3
2.37095 46241.3
2.38095 46304.2
2.39096 46367
2.40096 46429.8
2.41096 46492.6
2.42097 46555.4
2.43097 46618.1
2.44098 46680.8
2.45098 46743.4
2.46098 46806
2.47099 46868.6
2.48099 46931.1
2.491 46993.6
2.501 47056.1
2.511 47118.5
2.52101 47180.9
2.53101 47243.2
2.54102 47305.6
2.55102 47367.8
2.56102 47430.1
2.57103 47492.3
2.58103 47554.5
2.59104 47616.7
2.60104 47678.8
2.61104 47740.9
2.62105 47802.9
2.63105 47864.9
2.64106 47926.9
2.65106 47988.9
2.66106 48050.8
2.67107 48112.7
2.68107 48174.5
2.69108 48236.3
2.70108 48298.1
2.71108 48359.9
2.72109 48421.6
2.73109 48483.3
2.7411 48545
2.7511 48606.6
2.7611 48668.2
2.77111 48729.7
2.78111 48791.3
2.79112 48852.8
2.80112 48914.2
2.81112 48975.7
2.82113 49037.1
2.83113 49098.5
2.84114 49159.8
2.85114 49221.1
2.86114 49282.4
2.87115 49343.7
2.88115 49404.9
2.89116 49466.1
2.90116 49527.2
2.91116 49588.4
2.92117 49649.5
2.93117 49710.6
2.94118 49771.6
2.95118 49832.6
2.96118 49893.6
2.97119 49954.6
2.98119 50015.5
2.9912 50076.4
3.0012 50137.3
3.0112 50198.1
3.02121 50258.9
3.03121 50319.7
3.04122 50380.5
3.05122 50441.2
3.06122 50501.9
3.07123 50562.6
3.08123 50623.2
3.09124 50683.8
3.10124 50744.4
3.11124 50805
3.12125 50865.5
3.13125 50926
3.14126 50986.5
3.15126 51046.9
3.16126 51107.4
3.17127 51167.8
3.18127 51228.1
3.19128 51288.5
3.20128 51348.8
3.21128 51409.1
3.22129 51469.3
3.23129 51529.6
3.2413 51589.8
3.2513 51650
3.2613 51710.1
3.27131 51770.3
3.28131 51830.4
3.29132 51890.4
3.30132 51950.5
3.31132 52010.5
3.32133 52070.5
3.33133 52130.5
3.34134 52190.5
3.35134 52250.4
3.36134 52310.3
3.37135 52370.2
3.38135 52430
3.39136 52489.9
3.40136 52549.7
3.41136 52609.5
3.42137 52669.2
3.43137 52728.9
3.44138 52788.6
3.45138 52848.3
3.46138 52908
3.47139 52967.6
3.48139 53027.2
3.4914 53086.8
3.5014 53146.4
3.5114 53205.9
3.52141 53265.4
3.53141 53324.9
3.54142 53384.4
3.55142 53443.8
3.56142 53503.3
3.57143 53562.7
3.58143 53622
3.59144 53681.4
3.60144 53740.7
3.61144 53800
3.62145 53859.3
3.63145 53918.6
3.64146 53977.8
3.65146 54037
3.66146 54096.2
3.67147 54155.4
3.68147 54214.5
3.69148 54273.7
3.70148 54332.8
3.71148 54391.9
3.72149 54450.9
3.73149 54510
3.7415 54569
3.7515 54628
3.7615 54687
3.77151 54745.9
3.78151 54804.8
3.79152 54863.8
3.80152 54922.6
3.81152 54981.5
3.82153 55040.4
3.83153 55099.2
3.84154 55158
3.85154 55216.8
3.86154 55275.6
3.87155 55334.3
3.88155 55393
3.89156 55451.7
3.90156 55510.4
3.91156 55569.1
3.92157 55627.7
3.93157 55686.3
3.94158 55744.9
3.95158 55803.5
3.96158 55862.1
3.97159 55920.6
3.98159 55979.1
3.9916 56037.7
4.0016 56096.1
4.0116 56154.6
4.02161 56213
4.03161 56271.5
4.04162 56329.9
4.05162 56388.3
4.06162 56446.6
4.07163 56505
4.08163 56563.3
4.09164 56621.6
4.10164 56679.9
4.11164 56738.2
4.12165 56796.4
4.13165 56854.7
4.14166 56912.9
4.15166 56971.1
4.16166 57029.3
4.17167 57087.4
4.18167 57145.6
4.19168 57203.7
4.20168 57261.8
4.21168 57319.9
4.22169 57377.9
4.23169 57436
4.2417 57494
4.2517 57552
4.2617 57610
4.27171 57668
4.28171 57726
4.29172 57783.9
4.30172 57841.9
4.31172 57899.8
4.32173 57957.7
4.33173 58015.5
4.34174 58073.4
4.35174 58131.2
4.36174 58189.1
4.37175 58246.9
4.38175 58304.7
4.39176 58362.4
4.40176 58420.2
4.41176 58477.9
4.42177 58535.6
4.43177 58593.3
4.44178 58651
4.45178 58708.7
4.46178 58766.4
4.47179 58824
4.48179 58881.6
4.4918 58939.2
4.5018 58996.8
4.5118 59054.4
4.52181 59112
4.53181 59169.5
4.54182 59227
4.55182 59284.5
4.56182 59342
4.57183 59399.5
4.58183 59457
4.59184 59514.4
4.60184 59571.8
4.61184 59629.3
4.62185 59686.7
4.63185 59744
4.64186 59801.4
4.65186 59858.8
4.66186 59916.1
4.67187 59973.4
4.68187 60030.7
4.69188 60088
4.70188 60145.3
4.71188 60202.6
4.72189 60259.8
4.73189 60317
4.7419 60374.2
4.7519 60431.4
4.7619 60488.6
4.77191 60545.8
4.78191 60603
4.79192 60660.1
4.80192 60717.2
4.81192 60774.3
4.82193 60831.4
4.83193 60888.5
4.84194 60945.6
4.85194 61002.7
4.86194 61059.7
4.87195 61116.7
4.88195 61173.7
4.89196 61230.7
4.90196 61287.7
4.91196 61344.7
4.92197 61401.7
4.93197 61458.6
4.94198 61515.5
4.95198 61572.4
4.96198 61629.3
4.97199 61686.2
4.98199 61743.1
4.992 61800
5.002 61856.8
5.012 61913.7
5.02201 61970.5
5.03201 62027.3
5.04202 62084.1
5.05202 62140.9
5.06202 62197.6
5.07203 62254.4
5.08203 62311.1
5.09204 62367.9
5.10204 62424.6
5.11204 62481.3
5.12205 62538
5.13205 62594.6
5.14206 62651.3
5.15206 62707.9
5.16206 62764.6
5.17207 62821.2
5.18207 62877.8
5.19208 62934.4
5.20208 62991
5.21208 63047.6
5.22209 63104.2
5.23209 63160.7
5.2421 63217.2
5.2521 63273.8
5.2621 63330.3
5.27211 63386.8
5.28211 63443.3
5.29212 63499.7
5.30212 63556.2
5.31212 63612.7
5.32213 63669.1
5.33213 63725.5
5.34214 63781.9
5.35214 63838.3
5.36214 63894.7
5.37215 63951.1
5.38215 64007.5
5.39216 64063.8
5.40216 64120.2
5.41216 64176.5
5.42217 64232.8
5.43217 64289.2
5.44218 64345.5
5.45218 64401.7
5.46218 64458
5.47219 64514.3
5.48219 64570.5
5.4922 64626.8
5.5022 64683
5.5122 64739.2
5.52221 64795.4
5.53221 64851.6
5.54222 64907.8
5.55222 64964
5.56222 65020.2
5.57223 65076.3
5.58223 65132.5
5.59224 65188.6
5.60224 65244.7
5.61224 65300.8
5.62225 65356.9
5.63225 65413
5.64226 65469.1
5.65226 65525.2
5.66226 65581.2
5.67227 65637.3
5.68227 65693.3
5.69228 65749.3
5.70228 65805.3
5.71228 65861.3
5.72229 65917.3
5.73229 65973.3
5.7423 66029.3
5.7523 66085.3
5.7623 66141.2
5.77231 66197.1
5.78231 66253.1
5.79232 66309
5.80232 66364.9
5.81232 66420.8
5.82233 66476.7
5.83233 66532.6
5.84234 66588.5
5.85234 66644.3
5.86234 66700.2
5.87235 66756
5.88235 66811.9
5.89236 66867.7
5.90236 66923.5
5.91236 66979.3
5.92237 67035.1
5.93237 67090.9
5.94238 67146.6
5.95238 67202.4
5.96238 67258.2
5.97239 67313.9
5.98239 67369.6
5.9924 67425.4
6.0024 67481.1
6.0124 67536.8
6.02241 67592.5
6.03241 67648.2
6.04242 67703.9
6.05242 67759.5
6.06242 67815.2
6.07243 67870.9
6.08243 67926.5
6.09244 67982.1
6.10244 68037.8
6.11244 68093.4
6.12245 68149
6.13245 68204.6
6.14246 68260.2
6.15246 68315.8
6.16246 68371.3
6.17247 68426.9
6.18247 68482.5
6.19248 68538
6.20248 68593.5
6.21248 68649.1
6.22249 68704.6
6.23249 68760.1
6.2425 68815.6
6.2525 68871.1
6.26251 68926.6
6.27251 68982.1
6.28251 69037.5
6.29252 69093
6.30252 69148.4
6.31253 69203.9
6.32253 69259.3
6.33253 69314.8
6.34254 69370.2
6.35254 69425.6
6.36255 69481
6.37255 69536.4
6.38255 69591.8
6.39256 69647.2
6.40256 69702.5
6.41257 69757.9
6.42257 69813.2
6.43257 69868.6
6.44258 69923.9
6.45258 69979.3
6.46259 70034.6
6.47259 70089.9
6.48259 70145.2
6.4926 70200.5
6.5026 70255.8
6.51261 70311.1
6.52261 70366.4
6.53261 70421.6
6.54262 70476.9
6.55262 70532.1
6.56263 70587.4
6.57263 70642.6
6.58263 70697.8
6.59264 70753.1
6.60264 70808.3
6.61265 70863.5
6.62265 70918.7
6.63265 70973.9
6.64266 71029.1
6.65266 71084.3
6.66267 71139.4
6.67267 71194.6
6.68267 71249.7
6.69268 71304.9
6.70268 71360
6.71269 71415.2
6.72269 71470.3
6.73269 71525.4
6.7427 71580.5
6.7527 71635.6
6.76271 71690.7
6.77271 71745.8
6.78271 71800.9
6.79272 71856
6.80272 71911.1
6.81273 71966.1
6.82273 72021.2
6.83273 72076.2
6.84274 72131.3
6.85274 72186.3
6.86275 72241.3
6.87275 72296.4
6.88275 72351.4
6.89276 72406.4
6.90276 72461.4
6.91277 72516.4
6.92277 72571.4
6.93277 72626.4
6.94278 72681.3
6.95278 72736.3
6.96279 72791.3
6.97279 72846.2
6.98279 72901.2
6.9928 72956.1
7.0028 73011.1
7.01281 73066
7.02281 73120.9
7.03281 73175.8
7.04282 73230.8
7.05282 73285.7
7.06283 73340.6
7.07283 73395.4
7.08283 73450.3
7.09284 73505.2
7.10284 73560.1
7.11285 73615
7.12285 73669.8
7.13285 73724.7
7.14286 73779.5
7.15286 73834.4
7.16287 73889.2
7.17287 73944
7.18287 73998.9
7.19288 74053.7
7.20288 74108.5
7.21289 74163.3
7.22289 74218.1
7.23289 74272.9
7.2429 74327.7
7.2529 74382.5
7.26291 74437.3
7.27291 74492
7.28291 74546.8
7.29292 74601.6
7.30292 74656.3
7.31293 74711.1
7.32293 74765.8
7.33293 74820.5
7.34294 74875.3
7.35294 74930
7.36295 74984.7
7.37295 75039.4
7.38295 75094.1
7.39296 75148.8
7.40296 75203.5
7.41297 75258.2
7.42297 75312.9
7.43297 75367.6
7.44298 75422.3
7.45298 75477
7.46299 75531.6
7.47299 75586.3
7.48299 75640.9
7.493 75695.6
7.503 75750.2
7.51301 75804.9
7.52301 75859.5
7.53301 75914.1
7.54302 75968.8
7.55302 76023.4
7.56303 76078
7.57303 76132.6
7.58303 76187.2
7.59304 76241.8
7.60304 76296.4
7.61305 76351
7.62305 76405.6
7.63305 76460.1
7.64306 76514.7
7.65306 76569.3
7.66307 76623.8
7.67307 76678.4
7.68307 76732.9
7.69308 76787.5
7.70308 76842
7.71309 76896.6
7.72309 76951.1
7.73309 77005.6
7.7431 77060.2
7.7531 77114.7
7.76311 77169.2
7.77311 77223.7
7.78311 77278.2
7.79312 77332.7
7.80312 77387.2
7.81313 77441.7
7.82313 77496.2
7.83313 77550.6
7.84314 77605.1
7.85314 77659.6
7.86315 77714.1
7.87315 77768.5
7.88315 77823
7.89316 77877.4
7.90316 77931.9
7.91317 77986.3
7.92317 78040.8
7.93317 78095.2
7.94318 78149.6
7.95318 78204
7.96319 78258.5
7.97319 78312.9
7.98319 78367.3
7.9932 78421.7
8.0032 78476.1
8.01321 78530.5
8.02321 78584.9
8.03321 78639.3
8.04322 78693.7
8.05322 78748.1
8.06323 78802.4
8.07323 78856.8
8.08323 78911.2
8.09324 78965.5
8.10324 79019.9
8.11325 79074.2
8.12325 79128.6
8.13325 79182.9
8.14326 79237.3
8.15326 79291.6
8.16327 79346
8.17327 79400.3
8.18327 79454.6
8.19328 79508.9
8.20328 79563.3
8.21329 79617.6
8.22329 79671.9
8.23329 79726.2
8.2433 79780.5
8.2533 79834.8
8.26331 79889.1
8.27331 79943.4
8.28331 79997.7
8.29332 80052
8.30332 80106.2
8.31333 80160.5
8.32333 80214.8
8.33333 80269
8.34334 80323.3
8.35334 80377.6
8.36335 80431.8
8.37335 80486.1
8.38335 80540.3
8.39336 80594.6
8.40336 80648.8
8.41337 80703.1
8.42337 80757.3
8.43337 80811.5
8.44338 80865.7
8.45338 80920
8.46339 80974.2
8.47339 81028.4
8.48339 81082.6
8.4934 81136.8
8.5034 81191
8.51341 81245.2
8.52341 81299.4
8.53341 81353.6
8.54342 81407.8
8.55342 81462
8.56343 81516.2
8.57343 81570.4
8.58343 81624.5
8.59344 81678.7
8.60344 81732.9
8.61345 81787.1
8.62345 81841.2
8.63345 81895.4
8.64346 81949.5
8.65346 82003.7
8.66347 82057.8
8.67347 82112
8.68347 82166.1
8.69348 82220.3
8.70348 82274.4
8.71349 82328.5
8.72349 82382.7
8.73349 82436.8
8.7435 82490.9
8.7535 82545
8.76351 82599.1
8.77351 82653.3
8.78351 82707.4
8.79352 82761.5
8.80352 82815.6
8.81353 82869.7
8.82353 82923.8
8.83353 82977.9
8.84354 83032
8.85354 83086.1
8.86355 83140.1
8.87355 83194.2
8.88355 83248.3
8.89356 83302.4
8.90356 83356.5
8.91357 83410.5
8.92357 83464.6
8.93357 83518.7
8.94358 83572.7
8.95358 83626.8
8.96359 83680.8
8.97359 83734.9
8.98359 83788.9
8.9936 83843
9.0036 83897
9.01361 83951.1
9.02361 84005.1
9.03361 84059.1
9.04362 84113.2
9.05362 84167.2
9.06363 84221.2
9.07363 84275.3
9.08363 84329.3
9.09364 84383.3
9.10364 84437.3
9.11365 84491.3
9.12365 84545.3
9.13365 84599.3
9.14366 84653.3
9.15366 84707.3
9.16367 84761.3
9.17367 84815.3
9.18367 84869.3
9.19368 84923.3
9.20368 84977.3
9.21369 85031.3
9.22369 85085.3
9.23369 85139.3
9.2437 85193.2
9.2537 85247.2
9.26371 85301.2
9.27371 85355.2
9.28371 85409.1
9.29372 85463.1
9.30372 85517.1
9.31373 85571
9.32373 85625
9.33373 85678.9
9.34374 85732.9
9.35374 85786.8
9.36375 85840.8
9.37375 85894.7
9.38375 85948.7
9.39376 86002.6
9.40376 86056.5
9.41377 86110.5
9.42377 86164.4
9.43377 86218.3
9.44378 86272.3
9.45378 86326.2
9.46379 86380.1
9.47379 86434
9.48379 86488
9.4938 86541.9
9.5038 86595.8
9.51381 86649.7
9.52381 86703.6
9.53381 86757.5
9.54382 86811.4
9.55382 86865.3
9.56383 86919.2
9.57383 86973.1
9.58383 87027
9.59384 87080.9
9.60384 87134.8
9.61385 87188.7
9.62385 87242.6
9.63385 87296.5
9.64386 87350.4
9.65386 87404.2
9.66387 87458.1
9.67387 87512
9.68387 87565.9
9.69388 87619.7
9.70388 87673.6
9.71389 87727.5
9.72389 87781.3
9.73389 87835.2
9.7439 87889.1
9.7539 87942.9
9.76391 87996.8
9.77391 88050.6
9.78391 88104.5
9.79392 88158.3
9.80392 88212.2
9.81393 88266
9.82393 88319.9
9.83393 88373.7
9.84394 88427.6
9.85394 88481.4
9.86395 88535.2
9.87395 88589.1
9.88395 88642.9
9.89396 88696.8
9.90396 88750.6
9.91397 88804.4
9.92397 88858.2
9.93397 88912.1
9.94398 88965.9
9.95398 89019.7
9.96399 89073.5
9.97399 89127.3
9.98399 89181.2
9.994 89235
10.004 89288.8
10.014 89342.6
10.024 89396.4
10.034 89450.2
10.044 89504
10.054 89557.8
10.064 89611.6
10.074 89665.4
10.084 89719.2
10.094 89773
10.104 89826.8
10.114 89880.6
10.124 89934.4
10.1341 89988.2
10.1441 90042
10.1541 90095.7
10.1641 90149.5
10.1741 90203.3
10.1841 90257.1
10.1941 90310.9
10.2041 90364.6
10.2141 90418.4
10.2241 90472.2
10.2341 90526
10.2441 90579.7
10.2541 90633.5
10.2641 90687.3
10.2741 90741
10.2841 90794.8
10.2941 90848.6
10.3041 90902.3
10.3141 90956.1
10.3241 91009.8
10.3341 91063.6
10.3441 91117.4
10.3541 91171.1
10.3641 91224.9
10.3741 91278.6
10.3842 91332.4
10.3942 91386.1
10.4042 91439.8
10.4142 91493.6
10.4242 91547.3
10.4342 91601.1
10.4442 91654.8
10.4542 91708.6
10.4642 91762.3
10.4742 91816
10.4842 91869.8
10.4942 91923.5
10.5042 91977.2
10.5142 92031
10.5242 92084.7
10.5342 92138.4
10.5442 92192.1
10.5542 92245.9
10.5642 92299.6
10.5742 92353.3
10.5842 92407
10.5942 92460.8
10.6042 92514.5
10.6142 92568.2
10.6242 92621.9
10.6343 92675.6
10.6443 92729.3
10.6543 92783
10.6643 92836.7
10.6743 92890.5
10.6843 92944.2
10.6943 92997.9
10.7043 93051.6
10.7143 93105.3
10.7243 93159
10.7343 93212.7
10.7443 93266.4
10.7543 93320.1
10.7643 93373.8
10.7743 93427.5
10.7843 93481.2
10.7943 93534.9
10.8043 93588.6
10.8143 93642.3
10.8243 93695.9
10.8343 93749.6
10.8443 93803.3
10.8543 93857
10.8643 93910.7
10.8743 93964.4
10.8844 94018.1
10.8944 94071.8
10.9044 94125.4
10.9144 94179.1
10.9244 94232.8
10.9344 94286.5
10.9444 94340.2
10.9544 94393.8
10.9644 94447.5
10.9744 94501.2
10.9844 94554.9
10.9944 94608.5
11.0044 94662.2
11.0144 94715.9
11.0244 94769.5
11.0344 94823.2
11.0444 94876.9
11.0544 94930.5
11.0644 94984.2
11.0744 95037.9
11.0844 95091.5
11.0944 95145.2
11.1044 95198.9
11.1144 95252.5
11.1244 95306.2
11.1345 95359.8
11.1445 95413.5
11.1545 95467.1
11.1645 95520.8
11.1745 95574.5
11.1845 95628.1
11.1945 95681.8
11.2045 95735.4
11.2145 95789.1
11.2245 95842.7
11.2345 95896.4
11.2445 95950
11.2545 96003.7
11.2645 96057.3
11.2745 96111
11.2845 96164.6
11.2945 96218.2
11.3045 96271.9
11.3145 96325.5
11.3245 96379.2
11.3345 96432.8
11.3445 96486.5
11.3545 96540.1
11.3645 96593.7
11.3745 96647.4
11.3846 96701
11.3946 96754.6
11.4046 96808.3
11.4146 96861.9
11.4246 96915.5
11.4346 96969.2
11.4446 97022.8
11.4546 97076.4
11.4646 97130.1
11.4746 97183.7
11.4846 97237.3
11.4946 97291
11.5046 97344.6
11.5146 97398.2
11.5246 97451.8
11.5346 97505.5
11.5446 97559.1
11.5546 97612.7
11.5646 97666.3
11.5746 97720
11.5846 97773.6
11.5946 97827.2
11.6046 97880.8
11.6146 97934.4
11.6246 97988.1
11.6347 98041.7
11.6447 98095.3
11.6547 98148.9
11.6647 98202.5
11.6747 98256.2
11.6847 98309.8
11.6947 98363.4
11.7047 98417
11.7147 98470.6
11.7247 98524.2
11.7347 98577.8
11.7447 98631.4
11.7547 98685.1
11.7647 98738.7
11.7747 98792.3
11.7847 98845.9
11.7947 98899.5
11.8047 98953.1
11.8147 99006.7
11.8247 99060.3
11.8347 99113.9
11.8447 99167.5
11.8547 99221.1
11.8647 99274.7
11.8747 99328.4
11.8848 99382
11.8948 99435.6
11.9048 99489.2
11.9148 99542.8
11.9248 99596.4
11.9348 99650
11.9448 99703.6
11.9548 99757.2
11.9648 99810.8
11.9748 99864.4
11.9848 99918
11.9948 99971.6
12.0048 100025
12.0148 100079
12.0248 100132
12.0348 100186
12.0448 100240
12.0548 100293
12.0648 100347
12.0748 100400
12.0848 100454
12.0948 100508
12.1048 100561
12.1148 100615
12.1248 100668
12.1349 100722
12.1449 100776
12.1549 100829
12.1649 100883
12.1749 100936
12.1849 100990
12.1949 101043
12.2049 101097
12.2149 101151
12.2249 101204
12.2349 101258
12.2449 101311
12.2549 101365
12.2649 101419
12.2749 101472
12.2849 101526
12.2949 101579
12.3049 101633
12.3149 101687
12.3249 101740
12.3349 101794
12.3449 101847
12.3549 101901
12.3649 101954
12.3749 102008
12.385 102062
12.395 102115
12.405 102169
12.415 102222
12.425 102276
12.435 102330
12.445 102383
12.455 102437
12.465 102490
12.475 102544
12.485 102597
12.495 102651
12.505 102705
12.515 102758
12.525 102812
12.535 102865
12.545 102919
12.555 102973
12.565 103026
12.575 103080
12.585 103133
12.595 103187
12.605 103240
12.615 103294
12.6251 103348
12.6351 103401
12.6451 103455
12.6551 103508
12.6651 103562
12.6751 103615
12.6851 103669
12.6951 103723
12.7051 103776
12.7151 103830
12.7251 103883
12.7351 103937
12.7451 103991
12.7551 104044
12.7651 104098
12.7751 104151
12.7851 104205
12.7951 104258
12.8051 104312
12.8151 104366
12.8251 104419
12.8351 104473
12.8451 104526
12.8551 104580
12.8651 104633
12.8752 104687
12.8852 104741
12.8952 104794
12.9052 104848
12.9152 104901
12.9252 104955
12.9352 105008
12.9452 105062
12.9552 105116
12.9652 105169
12.9752 105223
12.9852 105276
12.9952 105330
13.0052 105384
13.0152 105437
13.0252 105491
13.0352 105544
13.0452 105598
13.0552 105651
13.0652 105705
13.0752 105759
13.0852 105812
13.0952 105866
13.1052 105919
13.1152 105973
13.1253 106026
13.1353 106080
13.1453 106134
13.1553 106187
13.1653 106241
13.1753 106294
13.1853 106348
13.1953 106401
13.2053 106455
13.2153 106509
13.2253 106562
13.2353 106616
13.2453 106669
13.2553 106723
13.2653 106776
13.2753 106830
13.2853 106884
13.2953 106937
13.3053 106991
13.3153 107044
13.3253 107098
13.3353 107152
13.3453 107205
13.3553 107259
13.3653 107312
13.3754 107366
13.3854 107419
13.3954 107473
13.4054 107527
13.4154 107580
13.4254 107634
13.4354 107687
13.4454 107741
13.4554 107794
13.4654 107848
13.4754 107902
13.4854 107955
13.4954 108009
13.5054 108062
13.5154 108116
13.5254 108169
13.5354 108223
13.5454 108277
13.5554 108330
13.5654 108384
13.5754 108437
13.5854 108491
13.5954 108545
13.6054 108598
13.6154 108652
13.6255 108705
13.6355 108759
13.6455 108812
13.6555 108866
13.6655 108920
13.6755 108973
13.6855 109027
13.6955 109080
13.7055 109134
13.7155 109188
13.7255 109241
13.7355 109295
13.7455 109348
13.7555 109402
13.7655 109455
13.7755 109509
13.7855 109563
13.7955 109616
13.8055 109670
13.8155 109723
13.8255 109777
13.8355 109831
13.8455 109884
13.8555 109938
13.8655 109991
13.8756 110045
13.8856 110098
13.8956 110152
13.9056 110206
13.9156 110259
13.9256 110313
13.9356 110366
13.9456 110420
13.9556 110474
13.9656 110527
13.9756 110581
13.9856 110634
13.9956 110688
14.0056 110741
14.0156 110795
14.0256 110849
14.0356 110902
14.0456 110956
14.0556 111009
14.0656 111063
14.0756 111117
14.0856 111170
14.0956 111224
14.1056 111277
14.1156 111331
14.1257 111385
14.1357 111438
14.1457 111492
14.1557 111545
14.1657 111599
14.1757 111653
14.1857 111706
14.1957 111760
14.2057 111813
14.2157 111867
14.2257 111921
14.2357 111974
14.2457 112028
14.2557 112081
14.2657 112135
14.2757 112189
14.2857 112242
14.2957 112296
14.3057 112349
14.3157 112403
14.3257 112457
14.3357 112510
14.3457 112564
14.3557 112617
14.3657 112671
14.3758 112725
14.3858 112778
14.3958 112832
14.4058 112885
14.4158 112939
14.4258 112993
14.4358 113046
14.4458 113100
14.4558 113153
14.4658 113207
14.4758 113261
14.4858 113314
14.4958 113368
14.5058 113421
14.5158 113475
14.5258 113529
14.5358 113582
14.5458 113636
14.5558 113689
14.5658 113743
14.5758 113797
14.5858 113850
14.5958 113904
14.6058 113957
14.6158 114011
14.6259 114065
14.6359 114118
14.6459 114172
14.6559 114226
14.6659 114279
14.6759 114333
14.6859 114386
14.6959 114440
14.7059 114494
14.7159 114547
14.7259 114601
14.7359 114654
14.7459 114708
14.7559 114762
14.7659 114815
14.7759 114869
14.7859 114923
14.7959 114976
14.8059 115030
14.8159 115083
14.8259 115137
14.8359 115191
14.8459 115244
14.8559 115298
14.8659 115351
14.876 115405
14.886 115459
14.896 115512
14.906 115566
14.916 115620
14.926 115673
14.936 115727
14.946 115780
14.956 115834
14.966 115888
14.976 115941
14.986 115995
14.996 116049
15.006 116102
15.016 116156
15.026 116210
15.036 116263
15.046 116317
15.056 116370
15.066 116424
15.076 116478
15.086 116531
15.096 116585
15.106 116639
15.116 116692
15.1261 116746
15.1361 116799
15.1461 116853
15.1561 116907
15.1661 116960
15.1761 117014
15.1861 117068
15.1961 117121
15.2061 117175
15.2161 117229
15.2261 117282
15.2361 117336
15.2461 117390
15.2561 117443
15.2661 117497
15.2761 117550
15.2861 117604
15.2961 117658
15.3061 117711
15.3161 117765
15.3261 117819
15.3361 117872
15.3461 117926
15.3561 117980
15.3661 118033
15.3762 118087
15.3862 118141
15.3962 118194
15.4062 118248
15.4162 118302
15.4262 118355
15.4362 118409
15.4462 118463
15.4562 118516
15.4662 118570
15.4762 118623
15.4862 118677
15.4962 118731
15.5062 118784
15.5162 118838
15.5262 118892
15.5362 118945
15.5462 118999
15.5562 119053
15.5662 119106
15.5762 119160
15.5862 119214
15.5962 119267
15.6062 119321
15.6162 119375
15.6263 119428
15.6363 119482
15.6463 119536
15.6563 119589
15.6663 119643
15.6763 119697
15.6863 119750
15.6963 119804
15.7063 119858
15.7163 119911
15.7263 119965
15.7363 120019
15.7463 120072
15.7563 120126
15.7663 120180
15.7763 120233
15.7863 120287
15.7963 120341
15.8063 120394
15.8163 120448
15.8263 120502
15.8363 120556
15.8463 120609
15.8563 120663
15.8663 120717
15.8764 120770
15.8864 120824
15.8964 120878
15.9064 120931
15.9164 120985
15.9264 121039
15.9364 121092
15.9464 121146
15.9564 121200
15.9664 121253
15.9764 121307
15.9864 121361
15.9964 121414
16.0064 121468
16.0164 121522
16.0264 121576
16.0364 121629
16.0464 121683
16.0564 121737
16.0664 121790
16.0764 121844
16.0864 121898
16.0964 121951
16.1064 122005
16.1164 122059
16.1265 122113
16.1365 122166
16.1465 122220
16.1565 122274
16.1665 122327
16.1765 122381
16.1865 122435
16.1965 122488
16.2065 122542
16.2165 122596
16.2265 122650
16.2365 122703
16.2465 122757
16.2565 122811
16.2665 122864
16.2765 122918
16.2865 122972
16.2965 123026
16.3065 123079
16.3165 123133
16.3265 123187
16.3365 123240
16.3465 123294
16.3565 123348
16.3665 123402
16.3766 123455
16.3866 123509
16.3966 123563
16.4066 123616
16.4166 123670
16.4266 123724
16.4366 123778
16.4466 123831
16.4566 123885
16.4666 123939
16.4766 123992
16.4866 124046
16.4966 124100
16.5066 124154
16.5166 124207
16.5266 124261
16.5366 124315
16.5466 124369
16.5566 124422
16.5666 124476
16.5766 124530
16.5866 124583
16.5966 124637
16.6066 124691
16.6166 124745
16.6267 124798
16.6367 124852
16.6467 124906
16.6567 124960
16.6667 125013
16.6767 125067
16.6867 125121
16.6967 125175
16.7067 125228
16.7167 125282
16.7267 125336
16.7367 125390
16.7467 125443
16.7567 125497
16.7667 125551
16.7767 125605
16.7867 125658
16.7967 125712
16.8067 125766
16.8167 125820
16.8267 125873
16.8367 125927
16.8467 125981
16.8567 126035
16.8667 126088
16.8768 126142
16.8868 126196
16.8968 126250
16.9068 126303
16.9168 126357
16.9268 126411
16.9368 126465
16.9468 126518
16.9568 126572
16.9668 126626
16.9768 126680
16.9868 126733
16.9968 126787
17.0068 126841
17.0168 126895
17.0268 126949
17.0368 127002
17.0468 127056
17.0568 127110
17.0668 127164
17.0768 127217
17.0868 127271
17.0968 127325
17.1068 127379
17.1168 127432
17.1269 127486
17.1369 127540
17.1469 127594
17.1569 127648
17.1669 127701
17.1769 127755
17.1869 127809
17.1969 127863
17.2069 127917
17.2169 127970
17.2269 128024
17.2369 128078
17.2469 128132
17.2569 128185
17.2669 128239
17.2769 128293
17.2869 128347
17.2969 128401
17.3069 128454
17.3169 128508
17.3269 128562
17.3369 128616
17.3469 128670
17.3569 128723
17.3669 128777
17.377 128831
17.387 128885
17.397 128939
17.407 128992
17.417 129046
17.427 129100
17.437 129154
17.447 129208
17.457 129261
17.467 129315
17.477 129369
17.487 129423
17.497 129477
17.507 129530
17.517 129584
17.527 129638
17.537 129692
17.547 129746
17.557 129799
17.567 129853
17.577 129907
17.587 129961
17.597 130015
17.607 130069
17.617 130122
17.6271 130176
17.6371 130230
17.6471 130284
17.6571 130338
17.6671 130392
17.6771 130445
17.6871 130499
17.6971 130553
17.7071 130607
17.7171 130661
17.7271 130714
17.7371 130768
17.7471 130822
17.7571 130876
17.7671 130930
17.7771 130984
17.7871 131037
17.7971 131091
17.8071 131145
17.8171 131199
17.8271 131253
17.8371 131307
17.8471 131360
17.8571 131414
17.8671 131468
17.8772 131522
17.8872 131576
17.8972 131630
17.9072 131684
17.9172 131737
17.9272 131791
17.9372 131845
17.9472 131899
17.9572 131953
17.9672 132007
17.9772 132060
17.9872 132114
17.9972 132168
18.0072 132222
18.0172 132276
18.0272 132330
18.0372 132384
18.0472 132437
18.0572 132491
18.0672 132545
18.0772 132599
18.0872 132653
18.0972 132707
18.1072 132761
18.1172 132814
18.1273 132868
18.1373 132922
18.1473 132976
18.1573 133030
18.1673 133084
18.1773 133138
18.1873 133192
18.1973 133245
18.2073 133299
18.2173 133353
18.2273 133407
18.2373 133461
18.2473 133515
18.2573 133569
18.2673 133623
18.2773 133676
18.2873 133730
18.2973 133784
18.3073 133838
18.3173 133892
18.3273 133946
18.3373 134000
18.3473 134054
18.3573 134108
18.3673 134161
18.3774 134215
18.3874 134269
18.3974 134323
18.4074 134377
18.4174 134431
18.4274 134485
18.4374 134539
18.4474 134593
18.4574 134646
18.4674 134700
18.4774 134754
18.4874 134808
18.4974 134862
18.5074 134916
18.5174 134970
18.5274 135024
18.5374 135078
18.5474 135132
18.5574 135185
18.5674 135239
18.5774 135293
18.5874 135347
18.5974 135401
18.6074 135455
18.6174 135509
18.6275 135563
18.6375 135617
18.6475 135671
18.6575 135725
18.6675 135779
18.6775 135832
18.6875 135886
18.6975 135940
18.7075 135994
18.7175 136048
18.7275 136102
18.7375 136156
18.7475 136210
18.7575 136264
18.7675 136318
18.7775 136372
18.7875 136426
18.7975 136480
18.8075 136533
18.8175 136587
18.8275 136641
18.8375 136695
18.8475 136749
18.8575 136803
18.8675 136857
18.8776 136911
18.8876 136965
18.8976 137019
18.9076 137073
18.9176 137127
18.9276 137181
18.9376 137235
18.9476 137289
18.9576 137343
18.9676 137396
18.9776 137450
18.9876 137504
18.9976 137558
19.0076 137612
19.0176 137666
19.0276 137720
19.0376 137774
19.0476 137828
19.0576 137882
19.0676 137936
19.0776 137990
19.0876 138044
19.0976 138098
19.1076 138152
19.1176 138206
19.1277 138260
19.1377 138314
19.1477 138368
19.1577 138422
19.1677 138476
19.1777 138530
19.1877 138584
19.1977 138638
19.2077 138691
19.2177 138745
19.2277 138799
19.2377 138853
19.2477 138907
19.2577 138961
19.2677 139015
19.2777 139069
19.2877 139123
19.2977 139177
19.3077 139231
19.3177 139285
19.3277 139339
19.3377 139393
19.3477 139447
19.3577 139501
19.3677 139555
19.3778 139609
19.3878 139663
19.3978 139717
19.4078 139771
19.4178 139825
19.4278 139879
19.4378 139933
19.4478 139987
19.4578 140041
19.4678 140095
19.4778 140149
19.4878 140203
19.4978 140257
19.5078 140311
19.5178 140365
19.5278 140419
19.5378 140473
19.5478 140527
19.5578 140581
19.5678 140635
19.5778 140689
19.5878 140743
19.5978 140797
19.6078 140851
19.6178 140905
19.6279 140959
19.6379 141013
19.6479 141067
19.6579 141121
19.6679 141175
19.6779 141229
19.6879 141283
19.6979 141337
19.7079 141391
19.7179 141445
19.7279 141499
19.7379 141553
19.7479 141607
19.7579 141661
19.7679 141715
19.7779 141769
19.7879 141824
19.7979 141878
19.8079 141932
19.8179 141986
19.8279 142040
19.8379 142094
19.8479 142148
19.8579 142202
19.8679 142256
19.878 142310
19.888 142364
19.898 142418
19.908 142472
19.918 142526
19.928 142580
19.938 142634
19.948 142688
19.958 142742
19.968 142796
19.978 142850
19.988 142904
19.998 142958
20.008 143012
20.018 143066
20.028 143121
20.038 143175
20.048 143229
20.058 143283
20.068 143337
20.078 143391
20.088 143445
20.098 143499
20.108 143553
20.118 143607
20.1281 143661
20.1381 143715
20.1481 143769
20.1581 143823
20.1681 143877
20.1781 143931
20.1881 143986
20.1981 144040
20.2081 144094
20.2181 144148
20.2281 144202
20.2381 144256
20.2481 144310
20.2581 144364
20.2681 144418
20.2781 144472
20.2881 144526
20.2981 144580
20.3081 144635
20.3181 144689
20.3281 144743
20.3381 144797
20.3481 144851
20.3581 144905
20.3681 144959
20.3782 145013
20.3882 145067
20.3982 145121
20.4082 145175
20.4182 145230
20.4282 145284
20.4382 145338
20.4482 145392
20.4582 145446
20.4682 145500
20.4782 145554
20.4882 145608
20.4982 145662
20.5082 145716
20.5182 145771
20.5282 145825
20.5382 145879
20.5482 145933
20.5582 145987
20.5682 146041
20.5782 146095
20.5882 146149
20.5982 146203
20.6082 146258
20.6182 146312
20.6283 146366
20.6383 146420
20.6483 146474
20.6583 146528
20.6683 146582
20.6783 146636
20.6883 146691
20.6983 146745
20.7083 146799
20.7183 146853
20.7283 146907
20.7383 146961
20.7483 147015
20.7583 147069
20.7683 147124
20.7783 147178
20.7883 147232
20.7983 147286
20.8083 147340
20.8183 147394
20.8283 147448
20.8383 147503
20.8483 147557
20.8583 147611
20.8683 147665
20.8784 147719
20.8884 147773
20.8984 147827
20.9084 147882
20.9184 147936
20.9284 147990
20.9384 148044
20.9484 148098
20.9584 148152
20.9684 148206
20.9784 148261
20.9884 148315
20.9984 148369
21.0084 148423
21.0184 148477
21.0284 148531
21.0384 148586
21.0484 148640
21.0584 148694
21.0684 148748
21.0784 148802
21.0884 148856
21.0984 148911
21.1084 148965
21.1184 149019
21.1285 149073
21.1385 149127
21.1485 149181
21.1585 149236
21.1685 149290
21.1785 149344
21.1885 149398
21.1985 149452
21.2085 149507
21.2185 149561
21.2285 149615
21.2385 149669
21.2485 149723
21.2585 149777
21.2685 149832
21.2785 149886
21.2885 149940
21.2985 149994
21.3085 150048
21.3185 150103
21.3285 150157
21.3385 150211
21.3485 150265
21.3585 150319
21.3685 150374
21.3786 150428
21.3886 150482
21.3986 150536
21.4086 150590
21.4186 150645
21.4286 150699
21.4386 150753
21.4486 150807
21.4586 150861
21.4686 150916
21.4786 150970
21.4886 151024
21.4986 151078
21.5086 151133
21.5186 151187
21.5286 151241
21.5386 151295
21.5486 151349
21.5586 151404
21.5686 151458
21.5786 151512
21.5886 151566
21.5986 151620
21.6086 151675
21.6186 151729
21.6287 151783
21.6387 151837
21.6487 151892
21.6587 151946
21.6687 152000
21.6787 152054
21.6887 152109
21.6987 152163
21.7087 152217
21.7187 152271
21.7287 152326
21.7387 152380
21.7487 152434
21.7587 152488
21.7687 152542
21.7787 152597
21.7887 152651
21.7987 152705
21.8087 152759
21.8187 152814
21.8287 152868
21.8387 152922
21.8487 152976
21.8587 153031
21.8687 153085
21.8788 153139
21.8888 153194
21.8988 153248
21.9088 153302
21.9188 153356
21.9288 153411
21.9388 153465
21.9488 153519
21.9588 153573
21.9688 153628
21.9788 153682
21.9888 153736
21.9988 153790
22.0088 153845
22.0188 153899
22.0288 153953
22.0388 154008
22.0488 154062
22.0588 154116
22.0688 154170
22.0788 154225
22.0888 154279
22.0988 154333
22.1088 154387
22.1188 154442
22.1289 154496
22.1389 154550
22.1489 154605
22.1589 154659
22.1689 154713
22.1789 154767
22.1889 154822
22.1989 154876
22.2089 154930
22.2189 154985
22.2289 155039
22.2389 155093
22.2489 155148
22.2589 155202
22.2689 155256
22.2789 155310
22.2889 155365
22.2989 155419
22.3089 155473
22.3189 155528
22.3289 155582
22.3389 155636
22.3489 155691
22.3589 155745
22.3689 155799
22.379 155854
22.389 155908
22.399 155962
22.409 156016
22.419 156071
22.429 156125
22.439 156179
22.449 156234
22.459 156288
22.469 156342
22.479 156397
22.489 156451
22.499 156505
22.509 156560
22.519 156614
22.529 156668
22.539 156723
22.549 156777
22.559 156831
22.569 156886
22.579 156940
22.589 156994
22.599 157049
22.609 157103
22.619 157157
22.6291 157212
22.6391 157266
22.6491 157320
22.6591 157375
22.6691 157429
22.6791 157483
22.6891 157538
22.6991 157592
22.7091 157647
22.7191 157701
22.7291 157755
22.7391 157810
22.7491 157864
22.7591 157918
22.7691 157973
22.7791 158027
22.7891 158081
22.7991 158136
22.8091 158190
22.8191 158244
22.8291 158299
22.8391 158353
22.8491 158408
22.8591 158462
22.8691 158516
22.8792 158571
22.8892 158625
22.8992 158679
22.9092 158734
22.9192 158788
22.9292 158843
22.9392 158897
22.9492 158951
22.9592 159006
22.9692 159060
22.9792 159114
22.9892 159169
22.9992 159223
23.0092 159278
23.0192 159332
23.0292 159386
23.0392 159441
23.0492 159495
23.0592 159550
23.0692 159604
23.0792 159658
23.0892 159713
23.0992 159767
23.1092 159821
23.1192 159876
23.1293 159930
23.1393 159985
23.1493 160039
23.1593 160093
23.1693 160148
23.1793 160202
23.1893 160257
23.1993 160311
23.2093 160366
23.2193 160420
23.2293 160474
23.2393 160529
23.2493 160583
23.2593 160638
23.2693 160692
23.2793 160746
23.2893 160801
23.2993 160855
23.3093 160910
23.3193 160964
23.3293 161019
23.3393 161073
23.3493 161127
23.3593 161182
23.3693 161236
23.3794 161291
23.3894 161345
23.3994 161399
23.4094 161454
23.4194 161508
23.4294 161563
23.4394 161617
23.4494 161672
23.4594 161726
23.4694 161781
23.4794 161835
23.4894 161889
23.4994 161944
23.5094 161998
23.5194 162053
23.5294 162107
23.5394 162162
23.5494 162216
23.5594 162271
23.5694 162325
23.5794 162379
23.5894 162434
23.5994 162488
23.6094 162543
23.6194 162597
23.6295 162652
23.6395 162706
23.6495 162761
23.6595 162815
23.6695 162870
23.6795 162924
23.6895 162978
23.6995 163033
23.7095 163087
23.7195 163142
23.7295 163196
23.7395 163251
23.7495 163305
23.7595 163360
23.7695 163414
23.7795 163469
23.7895 163523
23.7995 163578
23.8095 163632
23.8195 163687
23.8295 163741
23.8395 163796
23.8495 163850
23.8595 163905
23.8695 163959
23.8796 164014
23.8896 164068
23.8996 164123
23.9096 164177
23.9196 164231
23.9296 164286
23.9396 164340
23.9496 164395
23.9596 164449
23.9696 164504
23.9796 164558
23.9896 164613
23.9996 164667
24.0096 164722
24.0196 164776
24.0296 164831
24.0396 164885
24.0496 164940
24.0596 164994
24.0696 165049
24.0796 165104
24.0896 165158
24.0996 165213
24.1096 165267
24.1196 165322
24.1297 165376
24.1397 165431
24.1497 165485
24.1597 165540
24.1697 165594
24.1797 165649
24.1897 165703
24.1997 165758
24.2097 165812
24.2197 165867
24.2297 165921
24.2397 165976
24.2497 166030
24.2597 166085
24.2697 166139
24.2797 166194
24.2897 166248
24.2997 166303
24.3097 166358
24.3197 166412
24.3297 166467
24.3397 166521
24.3497 166576
24.3597 166630
24.3697 166685
24.3798 166739
24.3898 166794
24.3998 166848
24.4098 166903
24.4198 166958
24.4298 167012
24.4398 167067
24.4498 167121
24.4598 167176
24.4698 167230
24.4798 167285
24.4898 167339
24.4998 167394
24.5098 167449
24.5198 167503
24.5298 167558
24.5398 167612
24.5498 167667
24.5598 167721
24.5698 167776
24.5798 167831
24.5898 167885
24.5998 167940
24.6098 167994
24.6198 168049
24.6299 168103
24.6399 168158
24.6499 168213
24.6599 168267
24.6699 168322
24.6799 168376
24.6899 168431
24.6999 168485
24.7099 168540
24.7199 168595
24.7299 168649
24.7399 168704
24.7499 168758
24.7599 168813
24.7699 168868
24.7799 168922
24.7899 168977
24.7999 169031
24.8099 169086
24.8199 169141
24.8299 169195
24.8399 169250
24.8499 169304
24.8599 169359
24.8699 169414
24.88 169468
24.89 169523
24.9 169577
24.91 169632
24.92 169687
24.93 169741
24.94 169796
24.95 169850
24.96 169905
24.97 169960
24.98 170014
24.99 170069
25 170123
